image_path,dataset,scene,rotation_matrix,translation_vector
urban/kyiv-puppet-theater/images/IMG_20220127_170709.jpg,urban,kyiv-puppet-theater,0.9524179343823564;0.014189044360977083;0.3044646930055563;0.01321880211133496;0.9960530562629669;-0.08776999703739422;-0.3045083603738767;0.08761837780582934;0.9484712322116513,-2.782322140519099;-0.31169860499667407;5.716642017277612
urban/kyiv-puppet-theater/images/IMG_20220127_170633.jpg,urban,kyiv-puppet-theater,0.9966122719814194;0.029031175324661675;0.07694914031554904;-0.0417669022917416;0.9846516023661885;0.16946016591119384;-0.07084846652529193;-0.1721000081840962;0.9825284128075119,-1.9847684123342326;1.202679368120107;5.86319602995784
urban/kyiv-puppet-theater/images/IMG_20220127_170350.jpg,urban,kyiv-puppet-theater,0.016177668719251526;-0.18243306663076583;-0.9830851739470516;0.398466427125052;0.9029409828314787;-0.1610033787767166;0.9170402332989571;-0.38912177749776206;0.08730093234311076,4.0163654621497935;1.2779412851830632;2.3299835080653133
urban/kyiv-puppet-theater/images/IMG_20220127_170339.jpg,urban,kyiv-puppet-theater,-0.8965748601527184;-0.09242040235015186;-0.43314199677654197;0.034764280109628516;0.9602820405365609;-0.2768570884976546;0.44152572401910306;-0.2632809751052569;-0.857751807446089,1.5320921848899554;0.7685280974778762;3.771768300372981
urban/kyiv-puppet-theater/images/IMG_20220127_170250.jpg,urban,kyiv-puppet-theater,0.9894790968146783;0.050872348808001705;0.13543677895448328;-0.1147943550511544;0.8458251449425299;0.5209626476354497;-0.08805323966327452;-0.5310290277467941;0.8427661589522307,-0.6084244442496444;-1.1380892924552;-1.9030147466929659
urban/kyiv-puppet-theater/images/IMG_20220127_170022.jpg,urban,kyiv-puppet-theater,0.9751909288108328;0.021368281858049128;0.22033167928262182;0.03885522565430548;0.9633545481076705;-0.26540212146781894;-0.21792871266636288;0.2673787784598861;0.9386243471298201,-0.7043375936325326;-0.48509134405135873;2.472342935862046
urban/kyiv-puppet-theater/images/IMG_20220127_170001.jpg,urban,kyiv-puppet-theater,0.7342016048753864;-0.5471994501269024;0.40189646076971436;0.626810231010531;0.7737740586529148;-0.09155676084440885;-0.26087724641856297;0.3191339341665364;0.9110963694167907,0.10074157120534222;-1.3186685149532715;4.6333443980134374
urban/kyiv-puppet-theater/images/IMG_20220127_165957.jpg,urban,kyiv-puppet-theater,0.999827726054252;-0.0034266084483250484;0.018242164557022593;0.003519963958376759;0.9999808612734578;-0.0050879210415871266;-0.018224381111998082;0.0051512562871171355;0.9998206521630513,-1.8952242450494714;0.3876939728502325;4.430713282894829
urban/kyiv-puppet-theater/images/IMG_20220127_165920.jpg,urban,kyiv-puppet-theater,0.9728387824190735;-0.01386452070673335;0.2310681252075827;-0.02161086946659132;0.9884054458252104;0.15029186599402178;-0.23047271799992403;-0.15120333901286576;0.9612595261057691,-1.8254756664464729;0.36932621199910315;2.780306656201957
urban/kyiv-puppet-theater/images/IMG_20220127_165845.jpg,urban,kyiv-puppet-theater,0.8884478051068925;0.10413745353750846;0.44700770504709253;-0.06861307576168886;0.9931109188606512;-0.09498920293524855;-0.4538201664043434;0.05372237532421993;0.8894724070786332,-2.8730974104700384;0.47275997315784163;1.1256692219067002
urban/kyiv-puppet-theater/images/IMG_20220127_165822.jpg,urban,kyiv-puppet-theater,1.0;0.0;0.0;0.0;1.0;0.0;0.0;0.0;1.0,0.0;0.0;0.0
urban/kyiv-puppet-theater/images/IMG_20220127_165815.jpg,urban,kyiv-puppet-theater,0.34992208354814747;-0.20173191995750295;-0.9147998512874731;0.4366522799628001;0.899087708537858;-0.03124225919219198;0.8287878629954784;-0.3885170843430225;0.40269734705481364,0.02135915381550824;-0.6406918015496521;-1.922753587344107
urban/kyiv-puppet-theater/images/IMG_20220127_165811.jpg,urban,kyiv-puppet-theater,0.9974532754823723;-0.030451273374621935;-0.06449560589180317;0.024109513407133718;0.9950001324607773;-0.09691990387070558;0.06712447089369117;0.09511811790032228;0.9932003066120864,-2.488507609380511;0.14740519835811347;-0.6306185997825211
urban/kyiv-puppet-theater/images/IMG_20220127_165748.jpg,urban,kyiv-puppet-theater,0.9769396731975919;0.05143872478817342;0.20722676594674933;-0.032903885984829045;0.9952227925630753;-0.09191804746648623;-0.21096494784603353;0.08297982137315311;0.9739651636610007,-1.3986966028611516;0.11139098584416032;-1.524077833422091
urban/kyiv-puppet-theater/images/IMG_20220127_165737.jpg,urban,kyiv-puppet-theater,0.008428038489949885;-0.17006932033678837;-0.9853960596873699;0.0036784966229773675;0.9854296641502928;-0.17004365814471295;0.9999577175209993;-0.0021916415820397023;0.008930838559128018,2.8296686313293145;0.14153794514994886;0.32671728543440287
urban/kyiv-puppet-theater/images/IMG_20220127_165722.jpg,urban,kyiv-puppet-theater,0.5101683987409176;-0.0961320701143156;-0.854685222770152;-0.12833736178875466;0.9740999020906314;-0.18616901545672082;0.8504456046657132;0.20466559516088378;0.4846176510014991,2.561434686081194;0.17476393263362683;-1.5378549635468595
urban/kyiv-puppet-theater/images/IMG_20220127_165709.jpg,urban,kyiv-puppet-theater,0.3076501480361922;-0.23619963417308332;-0.9217163984815561;0.8076246173817171;0.5770009771706683;0.12170599715350477;0.5030843505937589;-0.7818437216992891;0.3682750752183216,2.842166272612146;-0.15986526035546403;-0.5942452690986204
urban/kyiv-puppet-theater/images/IMG_20220127_165703.jpg,urban,kyiv-puppet-theater,-0.08668459595243871;-0.219665764425962;-0.9717163849414705;0.38297443921973306;0.893089204012033;-0.23605561332339553;0.9196827495005511;-0.3926049230668296;0.006709296147538568,2.7953397428436175;0.8803062839832791;1.286455445001719
urban/kyiv-puppet-theater/images/IMG_20220127_165700.jpg,urban,kyiv-puppet-theater,-0.1838896912114114;-0.19501092874056714;-0.9634081788826135;0.06838487309244319;0.9752093189364366;-0.21045259179126785;0.9805651893669808;-0.10458260816824673;-0.16599514291214912,2.6418124481715126;0.36096153204046233;1.762457265534539
urban/kyiv-puppet-theater/images/IMG_20220127_165612.jpg,urban,kyiv-puppet-theater,0.8562081110136992;-0.13306733900408307;-0.499200114107284;0.03709134218212222;0.9795997962115316;-0.19750562421727283;0.5152978779012015;0.15058991517594497;0.843676937267945,2.8468872117155475;0.812271818746896;-2.1270085717716163
urban/kyiv-puppet-theater/images/IMG_20220127_165608.jpg,urban,kyiv-puppet-theater,0.572869296091695;-0.0873232472524578;-0.814981852610653;0.37476412467561837;0.9121942605094885;0.1656909229549557;0.728953098938144;-0.40034520302213394;0.5552937042373548,3.084553951549722;1.0711868163828322;-1.4681471855070338
urban/kyiv-puppet-theater/images/IMG_20220127_165549.jpg,urban,kyiv-puppet-theater,0.53714820725087;-0.16649827125019867;-0.8268918485012848;0.274390419383433;0.9614957319592314;-0.015357577112469628;0.7976099931656826;-0.2186419060813296;0.5621512391762229,2.05934831152498;0.7555202696468198;2.9664328114438443
urban/kyiv-puppet-theater/images/IMG_20220127_165449.jpg,urban,kyiv-puppet-theater,-0.08176127757129481;-0.155167006534964;-0.9844990063849167;0.019181695992325054;0.9873782843237486;-0.1572138231350811;0.9964673381645622;-0.03173836367661337;-0.07775294362507013,-1.5051286211966899;-0.5963083709746348;5.7081844454636546
urban/kyiv-puppet-theater/images/IMG_20220127_165418.jpg,urban,kyiv-puppet-theater,0.6281495722255895;-0.08805962300530285;-0.7730935374901104;0.21279825688083404;0.9751380401302567;0.0618280240619114;0.7484283644954188;-0.20335020404977633;0.6312714770458323,1.3483151923773318;0.9918739541672258;6.378631343475134
urban/kyiv-puppet-theater/images/IMG_20220127_165343.jpg,urban,kyiv-puppet-theater,0.918426478976061;-0.16117266106484116;-0.36127022578800044;0.058566342824403456;0.9585738748584263;-0.2787581567005288;0.39123239411353633;0.23486059644857402;0.8898189220465087,-2.62427785671113;1.2540074684817064;8.98261110068085
urban/kyiv-puppet-theater/images/IMG_20220127_165641.jpg,urban,kyiv-puppet-theater,-0.6173653634288956;-0.12027017861182127;-0.7774285125816964;0.018036846452599044;0.9858203127846804;-0.1668322003426205;0.7864697579744269;-0.1170187807054727;-0.6064420209334536,0.4900096433528866;0.17184475905776314;3.066713349158989
heritage/dioscuri/images/archive_0057.png,heritage,dioscuri,1.0;0.0;0.0;0.0;1.0;0.0;0.0;0.0;1.0,0.0;0.0;0.0
heritage/dioscuri/images/archive_0055.png,heritage,dioscuri,1.0;0.0;0.0;0.0;1.0;0.0;0.0;0.0;1.0,0.0;0.0;0.0
heritage/dioscuri/images/archive_0054.png,heritage,dioscuri,1.0;0.0;0.0;0.0;1.0;0.0;0.0;0.0;1.0,0.0;0.0;0.0
heritage/dioscuri/images/archive_0051.png,heritage,dioscuri,1.0;0.0;0.0;0.0;1.0;0.0;0.0;0.0;1.0,0.0;0.0;0.0
heritage/dioscuri/images/archive_0037.png,heritage,dioscuri,1.0;0.0;0.0;0.0;1.0;0.0;0.0;0.0;1.0,0.0;0.0;0.0
heritage/dioscuri/images/archive_0036.png,heritage,dioscuri,1.0;0.0;0.0;0.0;1.0;0.0;0.0;0.0;1.0,0.0;0.0;0.0
heritage/dioscuri/images/archive_0035.png,heritage,dioscuri,1.0;0.0;0.0;0.0;1.0;0.0;0.0;0.0;1.0,0.0;0.0;0.0
heritage/dioscuri/images/archive_0034.png,heritage,dioscuri,1.0;0.0;0.0;0.0;1.0;0.0;0.0;0.0;1.0,0.0;0.0;0.0
heritage/dioscuri/images/archive_0033.png,heritage,dioscuri,1.0;0.0;0.0;0.0;1.0;0.0;0.0;0.0;1.0,0.0;0.0;0.0
heritage/dioscuri/images/archive_0032.png,heritage,dioscuri,1.0;0.0;0.0;0.0;1.0;0.0;0.0;0.0;1.0,0.0;0.0;0.0
heritage/dioscuri/images/archive_0030.png,heritage,dioscuri,1.0;0.0;0.0;0.0;1.0;0.0;0.0;0.0;1.0,0.0;0.0;0.0
heritage/dioscuri/images/archive_0029.png,heritage,dioscuri,1.0;0.0;0.0;0.0;1.0;0.0;0.0;0.0;1.0,0.0;0.0;0.0
heritage/dioscuri/images/archive_0028.png,heritage,dioscuri,1.0;0.0;0.0;0.0;1.0;0.0;0.0;0.0;1.0,0.0;0.0;0.0
heritage/dioscuri/images/archive_0026.png,heritage,dioscuri,1.0;0.0;0.0;0.0;1.0;0.0;0.0;0.0;1.0,0.0;0.0;0.0
heritage/dioscuri/images/archive_0025.png,heritage,dioscuri,1.0;0.0;0.0;0.0;1.0;0.0;0.0;0.0;1.0,0.0;0.0;0.0
heritage/dioscuri/images/archive_0024.png,heritage,dioscuri,1.0;0.0;0.0;0.0;1.0;0.0;0.0;0.0;1.0,0.0;0.0;0.0
heritage/dioscuri/images/archive_0023.png,heritage,dioscuri,1.0;0.0;0.0;0.0;1.0;0.0;0.0;0.0;1.0,0.0;0.0;0.0
heritage/dioscuri/images/archive_0022.png,heritage,dioscuri,1.0;0.0;0.0;0.0;1.0;0.0;0.0;0.0;1.0,0.0;0.0;0.0
heritage/dioscuri/images/archive_0020.png,heritage,dioscuri,1.0;0.0;0.0;0.0;1.0;0.0;0.0;0.0;1.0,0.0;0.0;0.0
heritage/dioscuri/images/archive_0016.png,heritage,dioscuri,1.0;0.0;0.0;0.0;1.0;0.0;0.0;0.0;1.0,0.0;0.0;0.0
heritage/dioscuri/images/archive_0015.png,heritage,dioscuri,1.0;0.0;0.0;0.0;1.0;0.0;0.0;0.0;1.0,0.0;0.0;0.0
heritage/dioscuri/images/archive_0014.png,heritage,dioscuri,1.0;0.0;0.0;0.0;1.0;0.0;0.0;0.0;1.0,0.0;0.0;0.0
heritage/dioscuri/images/archive_0013.png,heritage,dioscuri,1.0;0.0;0.0;0.0;1.0;0.0;0.0;0.0;1.0,0.0;0.0;0.0
heritage/dioscuri/images/archive_0010.png,heritage,dioscuri,1.0;0.0;0.0;0.0;1.0;0.0;0.0;0.0;1.0,0.0;0.0;0.0
heritage/dioscuri/images/archive_0008.png,heritage,dioscuri,1.0;0.0;0.0;0.0;1.0;0.0;0.0;0.0;1.0,0.0;0.0;0.0
heritage/dioscuri/images/archive_0007.png,heritage,dioscuri,1.0;0.0;0.0;0.0;1.0;0.0;0.0;0.0;1.0,0.0;0.0;0.0
heritage/dioscuri/images/archive_0005.png,heritage,dioscuri,1.0;0.0;0.0;0.0;1.0;0.0;0.0;0.0;1.0,0.0;0.0;0.0
heritage/dioscuri/images/archive_0004.png,heritage,dioscuri,1.0;0.0;0.0;0.0;1.0;0.0;0.0;0.0;1.0,0.0;0.0;0.0
heritage/dioscuri/images/archive_0003.png,heritage,dioscuri,1.0;0.0;0.0;0.0;1.0;0.0;0.0;0.0;1.0,0.0;0.0;0.0
heritage/dioscuri/images/archive_0002.png,heritage,dioscuri,1.0;0.0;0.0;0.0;1.0;0.0;0.0;0.0;1.0,0.0;0.0;0.0
heritage/dioscuri/images/archive_0001.png,heritage,dioscuri,1.0;0.0;0.0;0.0;1.0;0.0;0.0;0.0;1.0,0.0;0.0;0.0
heritage/dioscuri/images/IMG_0460.png,heritage,dioscuri,0.8661992116063488;-0.485600574233333;0.11786012097735518;0.1685785423271466;0.5060116512503325;0.8458921230663909;-0.4704042951328081;-0.7128424027112648;0.5201687303341455,1.4492036388722707;-0.18658992302832483;2.0635820130169384
heritage/dioscuri/images/IMG_0457.png,heritage,dioscuri,0.9180768275644478;-0.3368288179526333;0.20900068441474312;0.14217778194329636;0.771962803809138;0.6195634817004784;-0.3700275895266239;-0.5390916220196399;0.7566107361499372,1.5483917084776593;-0.3701295701405552;2.4799488172743067
heritage/dioscuri/images/IMG_0454.png,heritage,dioscuri,0.995531027590513;-0.08714050311255418;-0.03639376075466823;0.0937821109151029;0.8670417604347166;0.48932964485566877;-0.011085521047043002;-0.4905559278813768;0.8713391950575603,0.5617207921772311;-0.8504829853021179;2.7501970637810236
heritage/dioscuri/images/IMG_0444.png,heritage,dioscuri,1.0;0.0;0.0;0.0;1.0;0.0;0.0;0.0;1.0,0.0;0.0;0.0
heritage/dioscuri/images/IMG_0439.png,heritage,dioscuri,1.0;0.0;0.0;0.0;1.0;0.0;0.0;0.0;1.0,0.0;0.0;0.0
heritage/dioscuri/images/IMG_0435.png,heritage,dioscuri,1.0;0.0;0.0;0.0;1.0;0.0;0.0;0.0;1.0,0.0;0.0;0.0
heritage/dioscuri/images/IMG_0424.png,heritage,dioscuri,0.9999396839770112;0.0014922656156149015;0.010881247689829598;-0.0019660038288434115;0.999044633547888;0.0436572446234437;-0.01080570390580556;-0.04367600396669416;0.998987308948718,0.6955193099346022;-1.1020943754182417;2.824395729718353
heritage/dioscuri/images/IMG_0421.png,heritage,dioscuri,0.9883673833992537;-0.08405155442398198;0.12674877368805273;0.048525269358576414;0.9641303056708261;0.26095603445936455;-0.14413609425189242;-0.25176991457676556;0.9569935717902277,1.1119191756953681;-0.40374333006730434;2.874728864573704
heritage/dioscuri/images/IMG_0418.png,heritage,dioscuri,0.991123374681281;-0.0086890937983603;-0.1326610561142663;0.027312800327047377;0.9898846551328645;0.13922061798018534;0.13010944277293654;-0.1416081536545589;0.9813351434244383,0.30299596747185925;-0.7968463215412288;2.9854946676319303
heritage/dioscuri/images/IMG_0412.png,heritage,dioscuri,0.9827317388874507;-0.02130874710836577;0.1838049691382666;0.009328234658905206;0.9977891858577638;0.06580064303218665;-0.18480073977502315;-0.06294980446333863;0.9807578746544081,1.1925922800666935;-1.0242315307496406;2.684711161216531
heritage/dioscuri/images/IMG_0409.png,heritage,dioscuri,0.9695270451263942;-0.09031038113749763;0.22773085831147857;0.0402985754311309;0.9757016051858676;0.2153657411380529;-0.24164712617100223;-0.19962568145537102;0.9496084739074175,1.390342856021666;-0.549600825333968;2.7223956342261375
heritage/dioscuri/images/IMG_0406.png,heritage,dioscuri,0.9992176150904851;-0.03952497333321658;0.0013907465231747201;0.03860330717036594;0.9823561454867608;0.18299231705157618;-0.008598974845502092;-0.18279545920892762;0.9831133595492453,0.7168694735459439;-0.6535516449817503;2.931825069911372
heritage/dioscuri/images/IMG_0401.png,heritage,dioscuri,1.0;0.0;0.0;0.0;1.0;0.0;0.0;0.0;1.0,0.0;0.0;0.0
heritage/dioscuri/images/IMG_0400.png,heritage,dioscuri,1.0;0.0;0.0;0.0;1.0;0.0;0.0;0.0;1.0,0.0;0.0;0.0
heritage/dioscuri/images/IMG_0397.png,heritage,dioscuri,0.9971514243358418;0.07078539805040013;-0.026047348576165377;-0.07522438255629085;0.9585221053394501;-0.27491210567134516;0.005507196566916742;0.27608839345121783;0.9611164704589652,0.5590132522287772;-1.1454707356857552;2.520820884794671
heritage/dioscuri/images/IMG_0392.png,heritage,dioscuri,0.9996737072818029;-0.02535681374426983;-0.003083985440059313;0.025209909950546016;0.9988480223147268;-0.04082999826407497;0.004115751418811667;0.040738928737724715;0.9991613484695858,0.6673420497579455;-0.4499862390903878;2.677973507865796
heritage/dioscuri/images/IMG_0390.png,heritage,dioscuri,0.9738050040199532;-0.009960208464204805;0.2271664772651295;0.019431900171150526;0.9990307360573233;-0.039496704527102904;-0.2265528975789925;0.04287636481923828;0.9730546757189188,1.2637679279456178;-0.4531914506796492;2.4951287628392853
heritage/dioscuri/images/IMG_0389.png,heritage,dioscuri,0.9743855690804432;-0.008390108680347463;0.22472732108961055;0.01778909810442116;0.9990480302551952;-0.039831912229340107;-0.22417919340655199;0.04280933682675466;0.9736072359653256,1.2585662283932746;-0.45253159276451177;2.4839308775885205
heritage/dioscuri/images/IMG_0384.png,heritage,dioscuri,0.9972890205534809;0.033055239536234585;-0.06574162017079445;-0.046252349103207885;0.9764625249250033;-0.21066954601821872;0.05723049611801246;0.21313912957570588;0.9753442375683554,0.464315534259337;-0.9560184026825317;2.608720622368648
heritage/dioscuri/images/IMG_0379.png,heritage,dioscuri,0.9915451050655028;0.10014402955298107;-0.08251956110845897;-0.12581985970136567;0.8975403544964458;-0.4225998993789789;0.03174377931768209;0.4294094612316851;0.9025518528479924,0.4391742554336504;-1.1137393688072528;2.5010620231158027
heritage/dioscuri/images/IMG_0378.png,heritage,dioscuri,0.9808318881762709;0.17661192945951878;0.08232273992741751;-0.12663693315277355;0.8988538334168105;-0.4195531829381881;-0.1480942075107302;0.4010860412984859;0.9039900957296368,0.8872305212007083;-1.1037735436141525;2.3821056571313868
heritage/dioscuri/images/IMG_0376.png,heritage,dioscuri,0.9373045363794313;0.2007587256373934;0.284879167653567;-0.09128623149291938;0.9303031213327982;-0.35525051214357733;-0.3363436189707788;0.3069723709373576;0.8903038433359349,1.4150136575762093;-0.9010014302039804;2.201625922269823
heritage/dioscuri/images/IMG_0373.png,heritage,dioscuri,0.9959110399141354;0.0337036828014933;-0.08381683806229863;-0.0526227467471021;0.9705735723366362;-0.23498465312971153;0.0734305597277838;0.23843448250476865;0.9683785161034644,0.43099653571645696;-0.5396026008439136;2.680049684615839
heritage/dioscuri/images/IMG_0370.png,heritage,dioscuri,0.9830115855227336;0.1824892588471504;-0.019644162835282697;-0.1657198296700732;0.8364467801927178;-0.522392306566011;-0.07889968809953105;0.5167731168614067;0.8524789644953966,0.6474134195867927;-0.7202283197183086;2.338359678726291
heritage/dioscuri/images/IMG_0369.png,heritage,dioscuri,1.0;0.0;0.0;0.0;1.0;0.0;0.0;0.0;1.0,0.0;0.0;0.0
heritage/dioscuri/images/IMG_0364.png,heritage,dioscuri,0.9722721498717372;0.23269166761260388;-0.023269172900122335;-0.19044061656671926;0.7301054695162832;-0.656260904628712;-0.13571749388151158;0.6424955962542258;0.7541751591297932,0.6582679226895494;-1.1149823709423163;2.1403751505251813
heritage/dioscuri/images/IMG_0363.png,heritage,dioscuri,0.9798847032793876;0.10720161386115012;-0.1683264158254178;-0.19255286694840124;0.7294950273701066;-0.6563233947317729;0.05243435618960039;0.6755329888523965;0.7354629965288056,0.23366174015846142;-1.1159892207659903;2.2267820907656644
heritage/dioscuri/images/IMG_0359.png,heritage,dioscuri,0.9444184265444302;0.3134710179354982;0.09904421496395095;-0.19103128613453385;0.7684864708004953;-0.6106845273251857;-0.2675460396289368;0.5578211766427321;0.7856555552962057,0.9870888978712963;-0.9746784005348678;2.061794096675022
heritage/dioscuri/images/IMG_0354.png,heritage,dioscuri,0.972894197040124;0.23095540843179885;-0.011682494671653443;-0.18383658856023777;0.7417835294634265;-0.644950621461299;-0.14028895206746;0.6296163869634295;0.7641349456705478,0.6858097969484918;-1.0771571049686353;2.1424109125086432
heritage/dioscuri/images/IMG_0349.png,heritage,dioscuri,1.0;0.0;0.0;0.0;1.0;0.0;0.0;0.0;1.0,0.0;0.0;0.0
heritage/dioscuri/images/IMG_0348.png,heritage,dioscuri,1.0;0.0;0.0;0.0;1.0;0.0;0.0;0.0;1.0,0.0;0.0;0.0
heritage/dioscuri/images/IMG_0342.png,heritage,dioscuri,0.9754884610535727;0.21572276869885942;-0.04342751911208751;-0.16355551605939256;0.5787563871964647;-0.798930934089951;-0.14721363903483303;0.7864507176830563;0.5998528262315079,0.5516997333847222;-0.8933991565037991;1.7887398736127607
heritage/dioscuri/images/IMG_0339.png,heritage,dioscuri,0.9086084514127573;0.40999308561643477;0.07960120456391243;-0.17147323264110614;0.5399960309381869;-0.8240153014711642;-0.3808249105677307;0.7350577911414309;0.5609477971909334,0.9361023687422448;-0.9786840253045639;1.5537552393469194
heritage/dioscuri/images/IMG_0338.png,heritage,dioscuri,0.9271435072058253;0.34771411371260275;0.13964172790087157;-0.14561484290760432;0.6777219258833636;-0.7207560674055672;-0.34525531794756703;0.647910399902644;0.6789778193188055,0.9832788471729966;-0.6451273719879722;1.6903331152092334
heritage/dioscuri/images/IMG_0334.png,heritage,dioscuri,0.975507941322693;0.1424172422630788;-0.16763527529294328;-0.20911838559056248;0.36410233439905515;-0.9075786417127473;-0.06821845222781148;0.9204057905029378;0.3849667824427241,0.27248990057599554;-0.5584751944669362;1.7255374864639468
heritage/dioscuri/images/IMG_0333.png,heritage,dioscuri,0.9591999519227656;0.18226052145180108;-0.21614012712007405;-0.2514733128740654;0.20059940430370482;-0.9468479560653555;-0.12921542146162981;0.9625699877479645;0.23824859609948812,0.2738369416563143;-0.848417146934237;1.595390220827383
heritage/dioscuri/images/IMG_0324.png,heritage,dioscuri,0.9577349560083253;0.2635755248869241;-0.11520285031332232;-0.20388420842474958;0.3394949468681011;-0.9182452889103426;-0.2029161984533136;0.9029236533238055;0.37888506525547794,0.49912497510522474;-0.5985974623618195;1.6511084419262747
heritage/dioscuri/images/IMG_0322.png,heritage,dioscuri,0.9478313614990951;0.30072432637857216;-0.10573830754710295;-0.20182658700601205;0.30937858251224093;-0.9292744058996898;-0.2467422520288659;0.9021362270781896;0.3539328875039067,0.5601205898157974;-0.6580050682400163;1.6064681070410782
heritage/dioscuri/images/IMG_0315.png,heritage,dioscuri,1.0;0.0;0.0;0.0;1.0;0.0;0.0;0.0;1.0,0.0;0.0;0.0
heritage/dioscuri/images/IMG_0314.png,heritage,dioscuri,1.0;0.0;0.0;0.0;1.0;0.0;0.0;0.0;1.0,0.0;0.0;0.0
heritage/dioscuri/images/IMG_0312.png,heritage,dioscuri,0.9573506230202566;0.17845227215767842;-0.2272324166233512;-0.22436054230470073;-0.036386646892786256;-0.9738266575652162;-0.1820498054364985;0.9832755455566168;0.0052028694843756496,0.3011245498367855;-0.489752038044988;1.6480128044242388
heritage/dioscuri/images/IMG_0306.png,heritage,dioscuri,0.9555308139609641;0.23723776351922626;-0.17515452358273031;-0.2164097449048515;0.160655243719787;-0.9629936214615095;-0.2003189603640021;0.9580752247218022;0.2048515996836583,0.4249729245783411;-0.13775480694964923;1.6779273792974279
heritage/dioscuri/images/IMG_0299.png,heritage,dioscuri,0.9273917357102571;0.2760952204448991;-0.25242028005649475;-0.20354606723677063;-0.19371368149449908;-0.9597103772046505;-0.3138687098911912;0.94140662779127;-0.12345037100757894,0.6286155079988499;-0.4588632312143363;2.175415887571929
heritage/dioscuri/images/IMG_0293.png,heritage,dioscuri,0.9467223230734708;0.21540109464672422;-0.23941430913661702;-0.20752484995565937;-0.16045336147149247;-0.9649809093673198;-0.24627277487625734;0.9632533868185937;-0.10720369927039242,0.48918448107611145;-0.3789364251080675;2.22548405734767
heritage/dioscuri/images/IMG_0286.png,heritage,dioscuri,0.9235514914844718;0.30751091372580563;-0.22910626468153963;-0.21261299127885946;-0.08659288658918274;-0.9732920363033951;-0.31913689620014674;0.9475962800326275;-0.014592174343246667,0.7064641702683716;-0.19950345026388555;2.1973400133400083
heritage/dioscuri/images/IMG_0283.png,heritage,dioscuri,1.0;0.0;0.0;0.0;1.0;0.0;0.0;0.0;1.0,0.0;0.0;0.0
heritage/dioscuri/images/IMG_0282.png,heritage,dioscuri,1.0;0.0;0.0;0.0;1.0;0.0;0.0;0.0;1.0,0.0;0.0;0.0
heritage/dioscuri/images/IMG_0279.png,heritage,dioscuri,0.9565621121841331;0.14441760318961744;-0.25324391685250053;-0.2120314839821556;-0.2515363761882874;-0.9443368579349156;-0.2000789227633808;0.9570125429392398;-0.20998908858037013,0.3400240505328051;0.2060512402300563;2.4001782948596344
heritage/dioscuri/images/IMG_0278.png,heritage,dioscuri,0.9145502354859245;0.2977305414655746;-0.27377799665286434;-0.21221460414555565;-0.22302267559228195;-0.9514335751690737;-0.3443295348354322;0.9282334894035422;-0.14078267148246337,0.7246682001325757;0.27905765760732165;2.3119417005201175
heritage/dioscuri/images/IMG_0277.png,heritage,dioscuri,0.9089213182364992;0.2715035072669702;-0.31646150286718727;-0.20686215177222397;-0.36535860524279307;-0.9075908437942763;-0.36203603055412853;0.8903925735970486;-0.27591842537937716,0.6923595235644983;-0.08981263194320985;2.3557660622749936
heritage/dioscuri/images/IMG_0276.png,heritage,dioscuri,0.9555705505253514;0.12204479454051345;-0.26830950615705107;-0.20867976063172342;-0.3627688339421231;-0.9082133728496623;-0.20817704117256394;0.9238527162085074;-0.3211829358524523,0.2986678869066896;-0.07913989982811723;2.4137987056451244
heritage/dioscuri/images/IMG_0266.png,heritage,dioscuri,0.8981663086964904;0.15362711753218244;-0.4119417321433624;-0.25223206074086935;-0.5873801839976547;-0.7690016300251229;-0.36010591422099014;0.7945962674249324;-0.4888154072218167,0.6283667996854861;0.23666754210588334;2.6125669803212617
heritage/dioscuri/images/IMG_0259.png,heritage,dioscuri,0.8678694388457247;0.44511823111884724;-0.2206182164809502;0.1976156060126441;-0.7167543897913169;-0.6687385266119577;-0.45579678517719097;0.5367801272779247;-0.7100115390482273,0.6343895388763199;0.5031233550492827;2.7483973147826153
heritage/dioscuri/images/IMG_0258.png,heritage,dioscuri,1.0;0.0;0.0;0.0;1.0;0.0;0.0;0.0;1.0,0.0;0.0;0.0
heritage/dioscuri/images/IMG_0257.png,heritage,dioscuri,1.0;0.0;0.0;0.0;1.0;0.0;0.0;0.0;1.0,0.0;0.0;0.0
heritage/dioscuri/images/IMG_0249.png,heritage,dioscuri,0.9346394505189857;0.18864468771839712;-0.3014337063587896;-0.06928405804817853;-0.7348318129180289;-0.6747013606211125;-0.34878190439577733;0.6514870593643687;-0.6737327323552149,0.4331976337881589;0.6424665454444783;2.756356076772949
heritage/dioscuri/images/IMG_0246.png,heritage,dioscuri,1.0;0.0;0.0;0.0;1.0;0.0;0.0;0.0;1.0,0.0;0.0;0.0
heritage/dioscuri/images/IMG_0240.png,heritage,dioscuri,0.953180229126263;0.09644367566712471;-0.28661135397366794;-0.06225994253724769;-0.8648879658000814;-0.49808885368923556;-0.2959242307721072;0.49261285411366657;-0.8183895317047531,0.31550447586339;0.5294326841386916;3.5559730788554917
heritage/dioscuri/images/IMG_0238.png,heritage,dioscuri,0.9005450726853059;0.20184781783336928;-0.3850662676710648;-0.07326883777749513;-0.8025648821479003;-0.5920483826121499;-0.4285443378145979;0.5613796116522531;-0.7079566951079803,0.8250106886894046;0.9290199321641318;3.4681762441261537
heritage/dioscuri/images/IMG_0237.png,heritage,dioscuri,0.9382202067746223;0.14589443026442847;-0.31377963416640475;-0.07396207863709986;-0.801273040947521;-0.5937096300165525;-0.3380420898696853;0.5802381658151505;-0.740979902836781,0.4832378372383082;0.9378693943173819;3.5165465403293523
heritage/dioscuri/images/IMG_0095.png,heritage,dioscuri,1.0;0.0;0.0;0.0;1.0;0.0;0.0;0.0;1.0,0.0;0.0;0.0
heritage/dioscuri/images/IMG_0094.png,heritage,dioscuri,1.0;0.0;0.0;0.0;1.0;0.0;0.0;0.0;1.0,0.0;0.0;0.0
heritage/dioscuri/images/IMG_0092.png,heritage,dioscuri,0.9677056536629928;-0.15520407971863182;-0.19863902312328358;0.1363356367018153;-0.3405686631223799;0.9302825269046741;-0.21203387001559548;-0.9273212384808879;-0.30841037373681535,1.110616977163705;0.5563793964973827;8.125016977412736
heritage/dioscuri/images/archive_0171.png,heritage,dioscuri,1.0;0.0;0.0;0.0;1.0;0.0;0.0;0.0;1.0,0.0;0.0;0.0
heritage/dioscuri/images/IMG_0085.png,heritage,dioscuri,0.9741165688696432;-0.1496472120874908;-0.16941848236858736;0.07205011965265787;-0.504843188182649;0.8601988930495184;-0.21425613296162954;-0.8501406161688905;-0.4809940147531031,1.004799336645263;0.7107434572621868;8.359451358402188
heritage/dioscuri/images/IMG_0081.png,heritage,dioscuri,1.0;0.0;0.0;0.0;1.0;0.0;0.0;0.0;1.0,0.0;0.0;0.0
heritage/dioscuri/images/archive_0160.png,heritage,dioscuri,1.0;0.0;0.0;0.0;1.0;0.0;0.0;0.0;1.0,0.0;0.0;0.0
heritage/dioscuri/images/IMG_0079.png,heritage,dioscuri,1.0;0.0;0.0;0.0;1.0;0.0;0.0;0.0;1.0,0.0;0.0;0.0
heritage/dioscuri/images/archive_0156.png,heritage,dioscuri,1.0;0.0;0.0;0.0;1.0;0.0;0.0;0.0;1.0,0.0;0.0;0.0
heritage/dioscuri/images/IMG_0068.png,heritage,dioscuri,0.9651137106427121;0.02609133478405723;-0.2605278637279354;0.2068253186814987;-0.6861281442637257;0.6974607209022685;-0.16055781850085019;-0.7270126628184697;-0.6675880279183006,0.15271689621163054;0.9069065510772907;8.582462266585965
heritage/dioscuri/images/IMG_0055.png,heritage,dioscuri,1.0;0.0;0.0;0.0;1.0;0.0;0.0;0.0;1.0,0.0;0.0;0.0
heritage/dioscuri/images/IMG_0054.png,heritage,dioscuri,1.0;0.0;0.0;0.0;1.0;0.0;0.0;0.0;1.0,0.0;0.0;0.0
heritage/dioscuri/images/IMG_0053.png,heritage,dioscuri,1.0;0.0;0.0;0.0;1.0;0.0;0.0;0.0;1.0,0.0;0.0;0.0
heritage/dioscuri/images/archive_0132.png,heritage,dioscuri,1.0;0.0;0.0;0.0;1.0;0.0;0.0;0.0;1.0,0.0;0.0;0.0
heritage/dioscuri/images/3DOM_FBK_IMG_1583.png,heritage,dioscuri,1.0;0.0;0.0;0.0;1.0;0.0;0.0;0.0;1.0,0.0;0.0;0.0
heritage/dioscuri/images/3DOM_FBK_IMG_1580.png,heritage,dioscuri,1.0;0.0;0.0;0.0;1.0;0.0;0.0;0.0;1.0,0.0;0.0;0.0
heritage/dioscuri/images/3DOM_FBK_IMG_1577.png,heritage,dioscuri,1.0;0.0;0.0;0.0;1.0;0.0;0.0;0.0;1.0,0.0;0.0;0.0
heritage/dioscuri/images/3DOM_FBK_IMG_1573.png,heritage,dioscuri,1.0;0.0;0.0;0.0;1.0;0.0;0.0;0.0;1.0,0.0;0.0;0.0
heritage/dioscuri/images/archive_0116.png,heritage,dioscuri,1.0;0.0;0.0;0.0;1.0;0.0;0.0;0.0;1.0,0.0;0.0;0.0
heritage/dioscuri/images/3DOM_FBK_IMG_1570.png,heritage,dioscuri,1.0;0.0;0.0;0.0;1.0;0.0;0.0;0.0;1.0,0.0;0.0;0.0
heritage/dioscuri/images/3DOM_FBK_IMG_1566.png,heritage,dioscuri,1.0;0.0;0.0;0.0;1.0;0.0;0.0;0.0;1.0,0.0;0.0;0.0
heritage/dioscuri/images/archive_0069.png,heritage,dioscuri,1.0;0.0;0.0;0.0;1.0;0.0;0.0;0.0;1.0,0.0;0.0;0.0
heritage/dioscuri/images/archive_0070.png,heritage,dioscuri,1.0;0.0;0.0;0.0;1.0;0.0;0.0;0.0;1.0,0.0;0.0;0.0
heritage/dioscuri/images/archive_0064.png,heritage,dioscuri,1.0;0.0;0.0;0.0;1.0;0.0;0.0;0.0;1.0,0.0;0.0;0.0
heritage/dioscuri/images/archive_0066.png,heritage,dioscuri,1.0;0.0;0.0;0.0;1.0;0.0;0.0;0.0;1.0,0.0;0.0;0.0
heritage/dioscuri/images/archive_0072.png,heritage,dioscuri,1.0;0.0;0.0;0.0;1.0;0.0;0.0;0.0;1.0,0.0;0.0;0.0
heritage/dioscuri/images/archive_0062.png,heritage,dioscuri,1.0;0.0;0.0;0.0;1.0;0.0;0.0;0.0;1.0,0.0;0.0;0.0
heritage/dioscuri/images/archive_0071.png,heritage,dioscuri,1.0;0.0;0.0;0.0;1.0;0.0;0.0;0.0;1.0,0.0;0.0;0.0
heritage/dioscuri/images/3DOM_FBK_IMG_1524.png,heritage,dioscuri,1.0;0.0;0.0;0.0;1.0;0.0;0.0;0.0;1.0,0.0;0.0;0.0
heritage/dioscuri/images/archive_0068.png,heritage,dioscuri,1.0;0.0;0.0;0.0;1.0;0.0;0.0;0.0;1.0,0.0;0.0;0.0
heritage/dioscuri/images/archive_0063.png,heritage,dioscuri,1.0;0.0;0.0;0.0;1.0;0.0;0.0;0.0;1.0,0.0;0.0;0.0
heritage/dioscuri/images/3DOM_FBK_IMG_1516.png,heritage,dioscuri,1.0;0.0;0.0;0.0;1.0;0.0;0.0;0.0;1.0,0.0;0.0;0.0
heritage/dioscuri/images/3DOM_FBK_IMG_1528.png,heritage,dioscuri,1.0;0.0;0.0;0.0;1.0;0.0;0.0;0.0;1.0,0.0;0.0;0.0
heritage/dioscuri/images/3DOM_FBK_IMG_1520.png,heritage,dioscuri,1.0;0.0;0.0;0.0;1.0;0.0;0.0;0.0;1.0,0.0;0.0;0.0
heritage/dioscuri/images/3DOM_FBK_IMG_1533.png,heritage,dioscuri,1.0;0.0;0.0;0.0;1.0;0.0;0.0;0.0;1.0,0.0;0.0;0.0
heritage/dioscuri/images/3DOM_FBK_IMG_1537.png,heritage,dioscuri,1.0;0.0;0.0;0.0;1.0;0.0;0.0;0.0;1.0,0.0;0.0;0.0
heritage/dioscuri/images/3DOM_FBK_IMG_1539.png,heritage,dioscuri,1.0;0.0;0.0;0.0;1.0;0.0;0.0;0.0;1.0,0.0;0.0;0.0
heritage/dioscuri/images/3DOM_FBK_IMG_1541.png,heritage,dioscuri,1.0;0.0;0.0;0.0;1.0;0.0;0.0;0.0;1.0,0.0;0.0;0.0
heritage/dioscuri/images/archive_0092.png,heritage,dioscuri,1.0;0.0;0.0;0.0;1.0;0.0;0.0;0.0;1.0,0.0;0.0;0.0
heritage/dioscuri/images/3DOM_FBK_IMG_1546.png,heritage,dioscuri,1.0;0.0;0.0;0.0;1.0;0.0;0.0;0.0;1.0,0.0;0.0;0.0
heritage/dioscuri/images/archive_0095.png,heritage,dioscuri,1.0;0.0;0.0;0.0;1.0;0.0;0.0;0.0;1.0,0.0;0.0;0.0
heritage/dioscuri/images/3DOM_FBK_IMG_1548.png,heritage,dioscuri,1.0;0.0;0.0;0.0;1.0;0.0;0.0;0.0;1.0,0.0;0.0;0.0
heritage/dioscuri/images/archive_0098.png,heritage,dioscuri,1.0;0.0;0.0;0.0;1.0;0.0;0.0;0.0;1.0,0.0;0.0;0.0
heritage/dioscuri/images/3DOM_FBK_IMG_1552.png,heritage,dioscuri,1.0;0.0;0.0;0.0;1.0;0.0;0.0;0.0;1.0,0.0;0.0;0.0
heritage/dioscuri/images/archive_0102.png,heritage,dioscuri,1.0;0.0;0.0;0.0;1.0;0.0;0.0;0.0;1.0,0.0;0.0;0.0
heritage/dioscuri/images/3DOM_FBK_IMG_1556.png,heritage,dioscuri,1.0;0.0;0.0;0.0;1.0;0.0;0.0;0.0;1.0,0.0;0.0;0.0
heritage/dioscuri/images/3DOM_FBK_IMG_1561.png,heritage,dioscuri,1.0;0.0;0.0;0.0;1.0;0.0;0.0;0.0;1.0,0.0;0.0;0.0
heritage/dioscuri/images/3DOM_FBK_IMG_1563.png,heritage,dioscuri,1.0;0.0;0.0;0.0;1.0;0.0;0.0;0.0;1.0,0.0;0.0;0.0
heritage/dioscuri/images/IMG_0105.png,heritage,dioscuri,1.0;0.0;0.0;0.0;1.0;0.0;0.0;0.0;1.0,0.0;0.0;0.0
heritage/dioscuri/images/IMG_0107.png,heritage,dioscuri,0.9660155211548564;-0.15778754293789532;-0.20473667033907977;0.2352600910782841;0.2085762573405877;0.9492884885110695;-0.1070826897016911;-0.9651937816663632;0.23860901365798515,1.0968254349668827;0.09491128628135462;6.857126406178824
heritage/dioscuri/images/IMG_0112.png,heritage,dioscuri,0.9812094611288404;-0.08949472923378549;-0.1709347443635199;0.18295757299495768;0.15021459982226348;0.9715771201937764;-0.06127413708119604;-0.9845944685197092;0.1637657250017419,0.6824028153907384;0.32723926952311577;6.904724217866417
heritage/dioscuri/images/IMG_0115.png,heritage,dioscuri,1.0;0.0;0.0;0.0;1.0;0.0;0.0;0.0;1.0,0.0;0.0;0.0
heritage/dioscuri/images/IMG_0120.png,heritage,dioscuri,0.844323108108968;-0.5046463987359994;-0.18014022692335707;0.22423970686142192;0.02744018894799516;0.9741476222304307;-0.486657007531912;-0.8628899398378017;0.13633014614090133,1.4949543912671623;0.4596548532619463;2.6020599176686394
heritage/dioscuri/images/IMG_0122.png,heritage,dioscuri,0.9542583294045062;-0.22673033531347542;-0.19489585888561092;0.21673436386364392;0.07554245155810957;0.9733034231590951;-0.20595450051587263;-0.9710235285827167;0.1212272686157192,0.6667118082994327;0.31040946194629093;2.951413584290512
heritage/dioscuri/images/IMG_0129.png,heritage,dioscuri,1.0;0.0;0.0;0.0;1.0;0.0;0.0;0.0;1.0,0.0;0.0;0.0
heritage/dioscuri/images/IMG_0132.png,heritage,dioscuri,1.0;0.0;0.0;0.0;1.0;0.0;0.0;0.0;1.0,0.0;0.0;0.0
heritage/dioscuri/images/IMG_0135.png,heritage,dioscuri,0.9738641658041285;-0.2141889284054187;-0.07557572038139863;0.2063413555383835;0.6952406036528661;0.6885228740041835;-0.09493066710611135;-0.686122150918433;0.721265944338045,0.6717620464101328;-0.10035425514630045;2.5430551880390158
heritage/dioscuri/images/IMG_0137.png,heritage,dioscuri,0.9456726722571036;-0.019850181292917227;-0.32451373969178404;0.19148296936109965;-0.7726488407363403;0.6052669174450607;-0.262749822817761;-0.634523237723748;-0.7268719222791644,0.824403078479854;0.796870678088489;8.329724958165215
heritage/dioscuri/images/IMG_0145.png,heritage,dioscuri,0.9627577330656496;-0.020404228639143887;-0.2695945379193223;0.10248640605065405;-0.8951882806576061;0.43374471610395465;-0.25018809723308544;-0.4452208548876853;-0.8597582836913917,0.38325011522487507;0.8566212539568911;8.153842387487222
heritage/dioscuri/images/archive_0230.png,heritage,dioscuri,1.0;0.0;0.0;0.0;1.0;0.0;0.0;0.0;1.0,0.0;0.0;0.0
heritage/dioscuri/images/IMG_0151.png,heritage,dioscuri,1.0;0.0;0.0;0.0;1.0;0.0;0.0;0.0;1.0,0.0;0.0;0.0
heritage/dioscuri/images/IMG_0152.png,heritage,dioscuri,1.0;0.0;0.0;0.0;1.0;0.0;0.0;0.0;1.0,0.0;0.0;0.0
heritage/dioscuri/images/IMG_0154.png,heritage,dioscuri,1.0;0.0;0.0;0.0;1.0;0.0;0.0;0.0;1.0,0.0;0.0;0.0
heritage/dioscuri/images/IMG_0161.png,heritage,dioscuri,1.0;0.0;0.0;0.0;1.0;0.0;0.0;0.0;1.0,0.0;0.0;0.0
heritage/dioscuri/images/IMG_0163.png,heritage,dioscuri,0.9540873100927273;0.031813618159966965;-0.2978343472798191;0.12512289253349715;-0.9457619119652496;0.2997977111985471;-0.27214273182298104;-0.3232990868768552;-0.906320050501211,0.38806927068438346;0.6957527515586183;7.715239471750168
heritage/dioscuri/images/IMG_0167.png,heritage,dioscuri,1.0;0.0;0.0;0.0;1.0;0.0;0.0;0.0;1.0,0.0;0.0;0.0
heritage/dioscuri/images/IMG_0169.png,heritage,dioscuri,1.0;0.0;0.0;0.0;1.0;0.0;0.0;0.0;1.0,0.0;0.0;0.0
heritage/dioscuri/images/IMG_0181.png,heritage,dioscuri,1.0;0.0;0.0;0.0;1.0;0.0;0.0;0.0;1.0,0.0;0.0;0.0
heritage/dioscuri/images/IMG_0184.png,heritage,dioscuri,0.9310582302367377;0.10196264156532474;-0.350334399728966;0.11579418076025484;-0.9930971271554725;0.018703040865292623;-0.3460090744626437;-0.05798030493683601;-0.9364379342107709,0.6888797587458803;1.1387909799902967;7.0355039971532065
heritage/dioscuri/images/IMG_0187.png,heritage,dioscuri,1.0;0.0;0.0;0.0;1.0;0.0;0.0;0.0;1.0,0.0;0.0;0.0
heritage/dioscuri/images/IMG_0188.png,heritage,dioscuri,1.0;0.0;0.0;0.0;1.0;0.0;0.0;0.0;1.0,0.0;0.0;0.0
heritage/dioscuri/images/IMG_0190.png,heritage,dioscuri,0.9558928821190038;0.043337044282762416;-0.2905007719560454;0.03898546368408598;-0.999024242391856;-0.02075323431937226;-0.2911166974523468;0.008512561671544419;-0.9566496771327668,0.31467751326194643;1.0135272302856302;6.60855288490092
heritage/dioscuri/images/IMG_0200.png,heritage,dioscuri,0.9597475568415252;0.026259954466706596;-0.27963376392726574;0.019429189884402707;-0.999441941337567;-0.02717190600292495;-0.2801912448974077;0.02064511290360171;-0.9597221710453703,0.23333358012337474;0.4667920270287468;5.585663634158528
heritage/dioscuri/images/IMG_0206.png,heritage,dioscuri,0.92015800264007;0.03860309784719686;-0.3896396425083524;-0.004148067790427697;-0.9941110928952372;-0.10828632654330023;-0.39152527850835245;0.10125678159627619;-0.9145791493740278,0.8888556837477722;0.9427512984339644;5.660619735833883
heritage/dioscuri/images/IMG_0209.png,heritage,dioscuri,1.0;0.0;0.0;0.0;1.0;0.0;0.0;0.0;1.0,0.0;0.0;0.0
heritage/dioscuri/images/IMG_0210.png,heritage,dioscuri,0.9550799837296411;0.04364616481276756;-0.29311642222182843;-0.011258419485284898;-0.9830369007064315;-0.18306201091484442;-0.29613421394645;0.17813889004546424;-0.9383874802999495,0.2808995396133081;1.3640183208553223;6.028840643949721
heritage/dioscuri/images/IMG_0213.png,heritage,dioscuri,0.8732164058580166;0.15744390229133504;-0.46119900929174185;-9.466198426012762e-05;-0.9463193126715164;-0.32323327412879127;-0.48733263750698697;0.28229625590182056;-0.8263266450528497,1.1490792158963896;0.8716338293795676;4.244630891331179
heritage/dioscuri/images/IMG_0214.png,heritage,dioscuri,1.0;0.0;0.0;0.0;1.0;0.0;0.0;0.0;1.0,0.0;0.0;0.0
heritage/dioscuri/images/IMG_0216.png,heritage,dioscuri,1.0;0.0;0.0;0.0;1.0;0.0;0.0;0.0;1.0,0.0;0.0;0.0
heritage/dioscuri/images/IMG_0223.png,heritage,dioscuri,0.9165324377572163;0.09306701950871607;-0.3889817738899584;-0.0005502030916459885;-0.9722565098138007;-0.2339166013801603;-0.39995998276749195;0.21460617186942954;-0.8910534233031018,0.7543390672503018;0.4448838585537256;4.258138810728266
heritage/dioscuri/images/IMG_0227.png,heritage,dioscuri,0.9394213575526409;0.0754235779242381;-0.3343632708104459;-0.03831907948794156;-0.9462652565258907;-0.32111323927734164;-0.3406158556514215;0.3144731279220799;-0.8860516298127064,0.47933047689728414;0.9272420749507402;4.0392717960339874
heritage/dioscuri/images/IMG_0229.png,heritage,dioscuri,0.9495888932844854;0.06131722066984979;-0.30744289258343754;-0.03430309588372149;-0.9544744390708522;-0.29631375731338305;-0.31161551848959385;0.29192249589524133;-0.9042549557656592,0.35207348814539147;0.7473153710128061;4.4068697123439105
heritage/dioscuri/images/IMG_0230.png,heritage,dioscuri,0.9205957952569302;0.08569371245567325;-0.38099864750524326;-0.03281237792402755;-0.9552030650261651;-0.29412659250668033;-0.3891358755116663;0.28327317594538387;-0.8765441108008112,0.7128913785331512;0.7418584850878595;4.429229165941694
heritage/cyprus/images/DSC_6633.JPG,heritage,cyprus,1.0;0.0;0.0;0.0;1.0;0.0;0.0;0.0;1.0,0.0;0.0;0.0
heritage/cyprus/images/DSC_6629.JPG,heritage,cyprus,1.0;0.0;0.0;0.0;1.0;0.0;0.0;0.0;1.0,0.0;0.0;0.0
heritage/cyprus/images/DSC_6625.JPG,heritage,cyprus,1.0;0.0;0.0;0.0;1.0;0.0;0.0;0.0;1.0,0.0;0.0;0.0
heritage/cyprus/images/DSC_6621.JPG,heritage,cyprus,1.0;0.0;0.0;0.0;1.0;0.0;0.0;0.0;1.0,0.0;0.0;0.0
heritage/cyprus/images/DSC_6617.JPG,heritage,cyprus,1.0;0.0;0.0;0.0;1.0;0.0;0.0;0.0;1.0,0.0;0.0;0.0
heritage/cyprus/images/DSC_6613.JPG,heritage,cyprus,1.0;0.0;0.0;0.0;1.0;0.0;0.0;0.0;1.0,0.0;0.0;0.0
heritage/cyprus/images/DSC_6609.JPG,heritage,cyprus,1.0;0.0;0.0;0.0;1.0;0.0;0.0;0.0;1.0,0.0;0.0;0.0
heritage/cyprus/images/DSC_6605.JPG,heritage,cyprus,1.0;0.0;0.0;0.0;1.0;0.0;0.0;0.0;1.0,0.0;0.0;0.0
