image_path,dataset,scene,rotation_matrix,translation_vector
urban/kyiv-puppet-theater/images/IMG_20220127_170709.jpg,urban,kyiv-puppet-theater,0.3602023420243884;0.17549836873306662;0.9162175480595087;-0.09419450755717713;0.9839675405997873;-0.15144396254742848;-0.9281064958000276;-0.03175219075967219;0.3709583950199199,-2.5815306823279904;-0.3012957759595533;5.790310445512885
urban/kyiv-puppet-theater/images/IMG_20220127_170633.jpg,urban,kyiv-puppet-theater,0.5579507586131254;0.2159740642922383;0.8012778260479508;-0.32547074809127496;0.9451340373531483;-0.028114828355221652;-0.7633870205210093;-0.24510580366370327;0.5976314934057829,-1.97967425118701;1.2507183104929054;5.943174394932981
urban/kyiv-puppet-theater/images/IMG_20220127_170350.jpg,urban,kyiv-puppet-theater,0.7916952940166253;-0.11293344880466896;-0.6003870398109975;0.2156568893574475;0.9711588967004157;0.10169809945274846;0.5715860980679978;-0.20999150816334142;0.7932168045337205,3.0959259374893513;1.0294329202191994;1.9619071641549244
urban/kyiv-puppet-theater/images/IMG_20220127_170339.jpg,urban,kyiv-puppet-theater,-0.24761294014339774;-0.23086715200877408;-0.9409506841471023;0.0562963328400459;0.9661252969151464;-0.2518583601339911;0.9672220814178638;-0.1153354619532864;-0.22622815128475304,1.270583377919735;0.5499729483814569;2.9289216252395622
urban/kyiv-puppet-theater/images/IMG_20220127_170250.jpg,urban,kyiv-puppet-theater,0.50919560743689;0.1760497315587087;0.8424525656587932;-0.6427517477901572;0.7287511789898818;0.23620311139685557;-0.5723548061121483;-0.6617614457936968;0.4842331719134506,-0.8914203612080195;-1.154744198492342;-1.3179839522263468
urban/kyiv-puppet-theater/images/IMG_20220127_170022.jpg,urban,kyiv-puppet-theater,0.3801266508660297;0.19570388940761357;0.9039932062643548;0.07199513494121662;0.9681334222520748;-0.23986324700395825;-0.9221282068379493;0.1562615256204112;0.35392358746572694,-0.6745023457879351;-0.4398842280653048;2.149820383829605
urban/kyiv-puppet-theater/images/IMG_20220127_170001.jpg,urban,kyiv-puppet-theater,0.24711996265350267;-0.42187729834783777;0.8723252083924097;0.32833056096228025;0.8834477634628137;0.33424406048686445;-0.911663735593517;0.2038126452683488;0.3568327883370478,0.16105642113503765;-1.3644823308729912;4.88116527173132
urban/kyiv-puppet-theater/images/IMG_20220127_165957.jpg,urban,kyiv-puppet-theater,0.6104610772159461;0.187083353941475;0.7696343884484083;-0.16569994388867984;0.9803675803766781;-0.10687813593839457;-0.7745197233122181;-0.06228343298491501;0.6294759504349461,-1.9368122774391727;0.391325030503226;4.685075302719534
urban/kyiv-puppet-theater/images/IMG_20220127_165920.jpg,urban,kyiv-puppet-theater,0.43289099185694657;0.15744127634706465;0.8875909157214917;-0.29853059895642176;0.9541071876379938;-0.02364224998256388;-0.8505791383850353;-0.25473853065393387;0.46002544532280565,-1.745012207264941;0.46473547555537764;3.143199545448147
urban/kyiv-puppet-theater/images/IMG_20220127_165845.jpg,urban,kyiv-puppet-theater,0.1936277591477773;0.24468665552615465;0.9500719612191677;-0.1419261312818686;0.9651982296263256;-0.21965734858084907;-0.9707549969723424;-0.09230827770916185;0.2216166007310736,-2.553137352391283;0.4256571085675558;1.6591483330744319
urban/kyiv-puppet-theater/images/IMG_20220127_165822.jpg,urban,kyiv-puppet-theater,0.9869860628850483;-0.08396973464658614;-0.13714078654453393;0.141715119421834;0.8572426543832061;0.49502712696708884;0.07599563538734859;-0.5080197980093067;0.8579863333600695,-0.9296775190528442;-1.1008420993397587;-1.9328746397833538
urban/kyiv-puppet-theater/images/IMG_20220127_165815.jpg,urban,kyiv-puppet-theater,0.9487535232368998;-0.07724616405851814;-0.3064307136757246;0.14757462885490386;0.9657403653379101;0.21346492844338008;0.27944316249267365;-0.24774700178860795;0.9276491481378338,-0.5738028833704604;-0.6639088341033875;-1.6861429127639098
urban/kyiv-puppet-theater/images/IMG_20220127_165811.jpg,urban,kyiv-puppet-theater,0.7672182391872292;0.1700093182147502;0.6184440194379791;-0.07333197607540368;0.9811586213273318;-0.17874613584613816;-0.6371801901686241;0.09178557356799302;0.7652299090740445,-1.7744302251423096;0.14354530285391628;-0.5351497820307852
urban/kyiv-puppet-theater/images/IMG_20220127_165748.jpg,urban,kyiv-puppet-theater,0.4414825930946986;0.21717562757907852;0.8705905276190491;-0.12376755151171034;0.9757308407254971;-0.18064030461087816;-0.8886926989613322;-0.028001307875670983;0.45764747739944445,-1.3785979255475627;0.07190509586345342;-0.7614277382182021
urban/kyiv-puppet-theater/images/IMG_20220127_165737.jpg,urban,kyiv-puppet-theater,0.7861392410461373;-0.10422455504581539;-0.6091981088389105;-0.03365258862392588;0.9769979759004159;-0.21057649053348548;0.6171325602869386;0.18604353579738286;0.7645490212024968,2.0090609789609073;0.06893940679522965;0.09808130876153326
urban/kyiv-puppet-theater/images/IMG_20220127_165722.jpg,urban,kyiv-puppet-theater,0.9884089167179987;0.02369288950009203;-0.14995486100653363;-0.08018711547257956;0.9201981070688362;-0.38315201977689994;0.12891020077767154;0.3907353205612044;0.9114318786400842,1.7694506494967868;0.25599436213393784;-1.1834609843020325
urban/kyiv-puppet-theater/images/IMG_20220127_165709.jpg,urban,kyiv-puppet-theater,0.9342287604651296;-0.11719494212110348;-0.33687084863641525;0.3152848849070252;0.7129519648183563;0.6263345250030603;0.1667694950191769;-0.6913500136709889;0.7030100242017694,1.995100427505675;-0.20998400377327858;-0.4591797166814237
urban/kyiv-puppet-theater/images/IMG_20220127_165703.jpg,urban,kyiv-puppet-theater,0.724701182274978;-0.170419685298988;-0.6676565938203883;0.2664881480856238;0.9628566487573722;0.04348724955221854;0.6354465070634535;-0.2094378304087306;0.743198178048453,2.004615852392397;0.6243583325325914;0.9826755126988894
urban/kyiv-puppet-theater/images/IMG_20220127_165700.jpg,urban,kyiv-puppet-theater,0.6533452353633353;-0.165638281214306;-0.738717783205737;0.0376955729772771;0.9816788942881484;-0.1867768515826124;0.7561210532751634;0.09418337595122042;0.6476190581572538,1.8899296872677014;0.23175234466678382;1.3194577776383567
urban/kyiv-puppet-theater/images/IMG_20220127_165612.jpg,urban,kyiv-puppet-theater,0.9672774991957996;0.06450744409397549;0.24538343303080273;-0.03122357085713226;0.9900526579975645;-0.13718900471571036;-0.25179223215272045;0.12503809039016942;0.9596698118515192,2.5588312335774677;0.3197120742225473;-1.3957126492988146
urban/kyiv-puppet-theater/images/IMG_20220127_165608.jpg,urban,kyiv-puppet-theater,0.996312616705533;0.06903208934162046;0.05094840953851473;-0.08403330085103679;0.9049417161563104;0.417155719975348;-0.017308210232511823;-0.41989886996895137;0.9074058435217094,1.662303137855827;0.3840621064999675;-1.3298571829440486
urban/kyiv-puppet-theater/images/IMG_20220127_165549.jpg,urban,kyiv-puppet-theater,0.9942576550769879;-0.006726279002278294;-0.10680108843824032;0.0171286843561346;0.9951580299606337;0.09678379811258915;0.10563296593884519;-0.09805739429361772;0.9895587016096159,1.2829190973606375;0.6617186760577728;2.8966818636023737
urban/kyiv-puppet-theater/images/IMG_20220127_165449.jpg,urban,kyiv-puppet-theater,0.7270531239826435;-0.10652651515393247;-0.678266803312854;-0.03490372398000215;0.9808780448576138;-0.19146798993208458;0.6856934336563292;0.16288143751042972;0.7094322746782313,-1.950394238905128;-0.6105118993086351;5.008357217779125
urban/kyiv-puppet-theater/images/IMG_20220127_165418.jpg,urban,kyiv-puppet-theater,0.9963947294053486;0.08389992679952724;-0.01258354068918148;-0.08227304231515564;0.9917767629234194;0.0980306025348823;0.020704823627621716;-0.0966418895105918;0.995103841551409,0.6494216034372894;0.9365376358914573;6.0875341662316895
urban/kyiv-puppet-theater/images/IMG_20220127_165343.jpg,urban,kyiv-puppet-theater,0.9991165128471059;0.028170325923461668;-0.031186960313643482;-0.029437622906554193;0.9987274095307745;-0.04095104161752188;0.029993667895913397;0.04183293187566988;0.9986743141269006,-0.4494604650728587;0.017981239069515802;8.735323662941342
urban/kyiv-puppet-theater/images/IMG_20220127_165641.jpg,urban,kyiv-puppet-theater,0.22974453824048968;-0.18400657590248454;-0.9556981883279404;-0.03175130650232101;0.9800250255842256;-0.19632321249417692;0.9727329035681173;0.07544885190167758;0.21931294777704968,0.11471794067270381;0.08921999541479528;2.2852124346005036
heritage/dioscuri/images/archive_0057.png,heritage,dioscuri,-0.10596599777118865;-0.7297434747310017;-0.6754595979064038;0.9915191257055491;-0.128941503109685;-0.016245372754072285;-0.07523982108205801;-0.6714525670986293;0.7372180270857466,0.4378690608654058;0.7953276613465278;2.1416706903324214
heritage/dioscuri/images/archive_0055.png,heritage,dioscuri,1.0;0.0;0.0;0.0;1.0;0.0;0.0;0.0;1.0,0.0;0.0;0.0
heritage/dioscuri/images/archive_0054.png,heritage,dioscuri,1.0;0.0;0.0;0.0;1.0;0.0;0.0;0.0;1.0,0.0;0.0;0.0
heritage/dioscuri/images/archive_0051.png,heritage,dioscuri,-0.19984241820730442;-0.544314809852276;-0.8147296457479238;0.9323486186542941;0.15006280425294138;-0.32894864047928996;0.30131223204258845;-0.8253499515691657;0.47750224739396696,0.43037725736056937;0.38342851751291934;0.9774579260660985
heritage/dioscuri/images/archive_0037.png,heritage,dioscuri,1.0;0.0;0.0;0.0;1.0;0.0;0.0;0.0;1.0,0.0;0.0;0.0
heritage/dioscuri/images/archive_0036.png,heritage,dioscuri,1.0;0.0;0.0;0.0;1.0;0.0;0.0;0.0;1.0,0.0;0.0;0.0
heritage/dioscuri/images/archive_0035.png,heritage,dioscuri,1.0;0.0;0.0;0.0;1.0;0.0;0.0;0.0;1.0,0.0;0.0;0.0
heritage/dioscuri/images/archive_0034.png,heritage,dioscuri,1.0;0.0;0.0;0.0;1.0;0.0;0.0;0.0;1.0,0.0;0.0;0.0
heritage/dioscuri/images/archive_0033.png,heritage,dioscuri,-0.24664465845577555;-0.42618870607180015;-0.870361763447866;0.907959064008335;0.21234289882790047;-0.36127666877681514;0.3387871758794045;-0.8793598126672659;0.3345886568989579,0.03975418693773218;0.3868333119580433;1.3679412755691538
heritage/dioscuri/images/archive_0032.png,heritage,dioscuri,1.0;0.0;0.0;0.0;1.0;0.0;0.0;0.0;1.0,0.0;0.0;0.0
heritage/dioscuri/images/archive_0030.png,heritage,dioscuri,-0.27170863267445355;-0.317554077900696;-0.9084788531049128;0.8664503066256533;0.3301325854002385;-0.3745348344350172;0.41885353654767005;-0.8889161285889648;0.18544495478690348,-0.050884551174982424;0.19599097987399627;1.3675428876419353
heritage/dioscuri/images/archive_0029.png,heritage,dioscuri,-0.1137621660925694;0.9519365516207505;-0.28438525147117044;0.9922823631677906;0.09465360764424358;-0.08010247378249111;-0.04933438265623444;-0.2913031003067488;-0.9553578504621214,-1.0237880842686005;0.5822465338219346;0.26637112767074095
heritage/dioscuri/images/archive_0028.png,heritage,dioscuri,-0.1568847883571587;0.9426773261332864;-0.2945277949130226;0.9875327385885351;0.1536267381378097;-0.03432077424775262;0.012893928724713899;-0.2962402473050121;-0.9550264197804728,-1.0195032358812568;0.4854808977470105;0.3930352374587339
heritage/dioscuri/images/archive_0026.png,heritage,dioscuri,-0.2748425355611235;0.06227786455434464;-0.9594701914248733;0.9395034480676969;-0.1947846797143271;-0.28176621447131495;-0.20443789207297303;-0.9788668939825975;-0.0049751532259527664,-0.5682941349565723;0.8887107489136706;0.8333484459135333
heritage/dioscuri/images/archive_0025.png,heritage,dioscuri,-0.2165213540498674;-0.31831160362723554;-0.9229280720818225;0.2426835587915145;-0.9332291728858495;0.26493018168392735;-0.9456337523231166;-0.16661642737452673;0.27931303692497345,-0.04117174339145006;1.23949216578079;-0.49842689967702564
heritage/dioscuri/images/archive_0024.png,heritage,dioscuri,-0.10333305234678503;0.9570231335155935;-0.2709778629495249;0.9930634612145274;0.08390007792754073;-0.08237559665565809;-0.0561002878185109;-0.2776103363344878;-0.9590543565757541,-1.019571330223168;0.6019137458113373;0.14393588553323794
heritage/dioscuri/images/archive_0023.png,heritage,dioscuri,-0.008573571557549453;-0.837859381400698;-0.5458187894068757;0.8542789811919196;0.2775698234588564;-0.439502463472863;0.519744087185649;-0.47004962515021637;0.7133858939814394,0.6934982047401479;0.29620178520777135;1.016907236768464
heritage/dioscuri/images/archive_0022.png,heritage,dioscuri,1.0;0.0;0.0;0.0;1.0;0.0;0.0;0.0;1.0,0.0;0.0;0.0
heritage/dioscuri/images/archive_0020.png,heritage,dioscuri,-0.27363044354348687;0.0058818500750545955;-0.9618169182364643;0.9584725087767735;-0.08187379627086688;-0.27317966872253613;-0.08035440426854434;-0.9966253485256591;0.01676557159049996,-0.5133842664478242;0.7931995030314467;0.9967186836704459
heritage/dioscuri/images/archive_0016.png,heritage,dioscuri,-0.09843767780408252;0.9922376082012809;-0.07599047611076759;0.8650106345950326;0.04756203124057934;-0.49949419938750983;-0.49200266831190964;-0.1149016190280695;-0.8629779790462151,-0.4831255093908215;0.2929054392729649;1.9971927500367312
heritage/dioscuri/images/archive_0015.png,heritage,dioscuri,-0.07324704005054872;0.9933322953386312;-0.08902708667096859;0.620788284929932;-0.02445348375454115;-0.7835967919957436;-0.7805490224307423;-0.11266311805357249;-0.6148579066848374,-0.47604421643034006;1.045609535108862;1.740718096794691
heritage/dioscuri/images/archive_0014.png,heritage,dioscuri,-0.1518092575908252;0.9459177147092608;-0.28669430812091906;0.8706706691860651;-0.009318074383276587;-0.49177816066685787;-0.4678531127702505;-0.3242728025736936;-0.8221682397065642,-0.6612257544915165;0.23772314934952252;1.291059674994266
heritage/dioscuri/images/archive_0013.png,heritage,dioscuri,-0.1326345405912175;0.9392452869332771;-0.3165854854786977;0.629269611258615;-0.16698207092921535;-0.75903672133476;-0.7657857631143244;-0.29989211220339995;-0.5688909263203232,-0.6284716351047848;0.7434808175363357;1.0395920158561018
heritage/dioscuri/images/archive_0010.png,heritage,dioscuri,-0.490007521029463;0.2615635416884632;-0.8315510465352973;0.25725353078656155;-0.8680471053041243;-0.424634953661352;-0.8328945012619595;-0.4219937637365255;0.35806146558247975,-0.5003602411050844;1.2922265039925873;0.5831961531377645
heritage/dioscuri/images/archive_0008.png,heritage,dioscuri,-0.20165112621618664;-0.5048263830216086;-0.839337325692754;0.9201641679742747;-0.3912728315218639;0.014264476473903276;-0.33561097608980994;-0.7694516841999787;0.5434237558387207,0.6814522388666879;0.8305961070985322;1.3931189543315134
heritage/dioscuri/images/archive_0007.png,heritage,dioscuri,0.3174393345418711;-0.3591278551825075;0.8776442630802221;0.9449793938627302;0.196936593351422;-0.26120858212157566;-0.07903299349285292;0.9122736222379493;0.40188384405000666,0.25283410305516124;0.42275480024314854;3.382549424047926
heritage/dioscuri/images/archive_0005.png,heritage,dioscuri,-0.0677402624766894;-0.8950010867423301;-0.4408903623006937;0.9942701736729136;-0.02393163532530429;-0.10418300521241819;0.08269267551617462;-0.44542152121412404;0.8914940212111757,0.4839581775020607;0.9767121136658671;5.119478910747035
heritage/dioscuri/images/archive_0004.png,heritage,dioscuri,0.29521554842740516;-0.34946323314591454;0.8892261965585082;0.9506276059869384;0.20064222216771666;-0.2367485024644147;-0.09568142297357812;0.9152148094096844;0.39144210036089166,0.3054508827349995;0.48814598886992133;3.324317463333659
heritage/dioscuri/images/archive_0003.png,heritage,dioscuri,0.04591797146192089;0.9255430870892172;0.37584775353616817;0.9240565793183189;0.10357648095692962;-0.36795563701498946;-0.37948778388157656;0.3642003659168134;-0.8504981571706725,-0.44177789297665643;0.5966240857882761;5.690796851884971
heritage/dioscuri/images/archive_0002.png,heritage,dioscuri,0.32447613698680433;-0.3202819070000853;0.8900195147155536;0.9055855687523011;0.3769376495528063;-0.19450651921510825;-0.2731849450348465;0.8691015524079995;0.4123499453235242,0.40410877802461276;1.0709295498369036;3.226775327841216
heritage/dioscuri/images/archive_0001.png,heritage,dioscuri,-0.17153458413846367;-0.5653885326353194;-0.806790985081592;0.7900841862246353;-0.5681462479432706;0.23016693860270288;-0.5885090187263071;-0.5979512088059233;0.5441612690786937,0.2880418835213242;1.590478959101924;1.4611253657821137
heritage/dioscuri/images/IMG_0460.png,heritage,dioscuri,0.7336850428378523;-0.5106946337774757;-0.44821562773614765;0.24130196325904596;-0.4208164248221682;0.8744637780532813;-0.6352004568979378;-0.7497363053972901;-0.18551509891616003,1.0631420439401813;0.3585418139881127;1.6713304432339442
heritage/dioscuri/images/IMG_0457.png,heritage,dioscuri,0.8135901536885839;-0.5070725719545363;-0.2845144435567341;0.28223224056092416;-0.08340608223062129;0.9557135490485104;-0.5083463624429185;-0.8578582821296011;0.07525386084914532,1.2711382737990486;0.28990346190641414;2.2285038772478996
heritage/dioscuri/images/IMG_0454.png,heritage,dioscuri,0.9533718181682921;-0.1790993829857505;-0.24291065710793422;0.2605208062455051;0.08207531397060086;0.9619732596854339;-0.15235184880951366;-0.9804014758509653;0.12490740696040536,0.4229537387629404;-0.13755747326070764;2.533735269017523
heritage/dioscuri/images/IMG_0444.png,heritage,dioscuri,-0.3095618949460883;-0.25507070119513214;-0.9160296777884496;0.8849865713912426;-0.42965399932719506;-0.1794330218196198;-0.3478077078711172;-0.8662195900890088;0.35873865151593176,-0.042033863277717236;1.2351980382857766;2.590036466784089
heritage/dioscuri/images/IMG_0439.png,heritage,dioscuri,-0.2864904854319912;-0.3571079189718843;-0.8890428200961482;0.9547140518534681;-0.18415914790921573;-0.2336803103277747;-0.08027627887785693;-0.9157288585869301;0.39369579195186066,0.27393922659356773;0.5257266401622807;2.8001597281263173
heritage/dioscuri/images/IMG_0435.png,heritage,dioscuri,-0.3314828879277798;-0.19929380628547938;-0.9221719328776522;0.8128321870345028;-0.556555499290631;-0.17190058734647762;-0.4789811381795387;-0.8065531321528686;0.34648104462240226,-0.1992367385284058;1.5763583114323487;2.402648884858205
heritage/dioscuri/images/IMG_0424.png,heritage,dioscuri,0.9749821564783866;-0.16801445303039453;-0.14553672430576492;0.21405380806867658;0.5331614215755283;0.81848632596694;-0.059922965547885246;-0.829162253190809;0.5557870060405223,0.617966607233119;-0.41013539836619456;2.909339668228335
heritage/dioscuri/images/IMG_0421.png,heritage,dioscuri,0.9407321151037406;-0.30727320270152053;-0.1435488297200394;0.24707043571110904;0.3309533997068429;0.9107283058190326;-0.23233443010015825;-0.8922180373227347;0.3872566157808046,0.9895196024995347;0.2841150803406183;2.81997335639305
heritage/dioscuri/images/IMG_0418.png,heritage,dioscuri,0.9699701214619917;-0.056719621008878396;-0.23651817702582265;0.23653003011502005;0.4465424447672667;0.8629330158680106;0.056670171384926;-0.8929628937497245;0.4465487230541829,0.20186585219421269;-0.10344039524699875;3.0012502198050686
heritage/dioscuri/images/IMG_0412.png,heritage,dioscuri,0.9464906533281937;-0.3173590467549255;-0.05864024731508333;0.22333139288129605;0.5129048932684962;0.8288857939516956;-0.23297753564682866;-0.7976288647635801;0.5563359254801843,1.120923760814152;-0.33266309995013055;2.7671196479425544
heritage/dioscuri/images/IMG_0409.png,heritage,dioscuri,0.9170148334442871;-0.38969343056937716;-0.0849872073562623;0.24280862551136745;0.37638223773267965;0.8940807471904433;-0.31642971829527455;-0.8405209344748117;0.4397690212931813,1.2777276169755718;0.14039951273797527;2.7216854203074274
heritage/dioscuri/images/IMG_0406.png,heritage,dioscuri,0.9658432127039477;-0.18265703374069509;-0.18380232996011606;0.24447646005870788;0.4071990470106903;0.8800114752608337;-0.08589615213081317;-0.8948884534614561;0.4379457807885401,0.6082338103539143;0.0365163109674637;2.9338923149893126
heritage/dioscuri/images/IMG_0401.png,heritage,dioscuri,-0.16024228773077875;-0.7674651801023628;-0.6207411751714671;0.913341940002287;-0.3537741907854428;0.2016192514790279;-0.3743379620819464;-0.5346410190628406;0.7576477221504612,0.5218534071426489;1.6178828849974327;2.3745205463475623
heritage/dioscuri/images/IMG_0400.png,heritage,dioscuri,-0.12977531487127192;-0.815636416952187;-0.5638223150882382;0.9481481245995629;-0.26846222839955614;0.1701269106904501;-0.2901266989926885;-0.512508797255367;0.8081839093099188,0.750912310232903;1.389381704290798;2.4543601193125197
heritage/dioscuri/images/IMG_0397.png,heritage,dioscuri,0.9889132390888525;-0.0974395381926176;-0.11205419203047864;0.1458155285492356;0.7798905272620988;0.6086941737200648;0.028079123716758407;-0.6182849681851039;0.7854522652126252,0.5208933808300992;-0.5611441362808831;2.8155748520076513
heritage/dioscuri/images/IMG_0392.png,heritage,dioscuri,0.9701847127582651;-0.17259205278346784;-0.17015759297237157;0.24065075623129722;0.6025930138083769;0.7609000415525301;-0.02878952336297666;-0.7791621416786919;0.626160938033671,0.5732931271201952;0.17522464006673832;2.8715620240459554
heritage/dioscuri/images/IMG_0390.png,heritage,dioscuri,0.9389037750294066;-0.34346827753161935;-0.022118850896732295;0.23715326695795166;0.599029277042342;0.7648021006883413;-0.24943542091431178;-0.7233211372382199;0.643885473681235,1.2074246125967145;0.1771813281279736;2.6540191679547505
heritage/dioscuri/images/IMG_0389.png,heritage,dioscuri,0.9391445247122666;-0.34287474236934035;-0.021082522337931175;0.2356946113823357;0.598495652433686;0.7656702973103412;-0.2499112079685516;-0.7240441043632183;0.642887644202752,1.2038247302315093;0.17909267438674795;2.6616721905448544
heritage/dioscuri/images/IMG_0384.png,heritage,dioscuri,0.982328644938164;-0.08671896555256638;-0.16586215465694237;0.17559841651387298;0.7337083266275828;0.6563819677254797;0.06477367869567895;-0.6739079406349543;0.7359704193086729,0.39687184381268925;-0.35521500501537123;2.864335347759043
heritage/dioscuri/images/IMG_0379.png,heritage,dioscuri,0.9920805709185615;-0.034353067663845785;-0.12081393772236804;0.08877713914255599;0.8722177929354304;0.48099349398147767;0.0888524640714271;-0.48790981587679677;0.8683600930486765,0.41069966806080016;-0.6069273114005002;2.88802241654142
heritage/dioscuri/images/IMG_0378.png,heritage,dioscuri,0.9917056104573324;-0.12250251134091025;0.038898803357170525;0.08844083456121529;0.8699903294484036;0.48507220642742854;-0.09326414621688989;-0.4776085859586574;0.8736085150964397,0.9275635180587216;-0.5946799442250796;2.756593301641487
heritage/dioscuri/images/IMG_0376.png,heritage,dioscuri,0.9461989627780464;-0.2653017280903708;0.18526336904529223;0.12669308608806512;0.8305622845585142;0.5423238455078513;-0.29775222043711325;-0.48967467214591015;0.8194890668480965,1.4981970193838456;-0.36850901455233237;2.556476047216602
heritage/dioscuri/images/IMG_0373.png,heritage,dioscuri,0.9820150905084634;-0.07302886577295051;-0.17410671089182872;0.16900648051723507;0.7510856614317128;0.6382061882611794;0.08416158005189713;-0.6561532701706232;0.7499198053709245,0.3621599307459654;0.028497351513959487;2.9350273259840187
heritage/dioscuri/images/IMG_0370.png,heritage,dioscuri,0.9991966177395686;-0.038144053948661126;-0.012294317637352413;0.039981310941479296;0.927639843615702;0.3713297931920314;-0.0027593247737866663;-0.37152301635968354;0.9284196435027616,0.6788946411240021;-0.3032299489709265;2.741971194220617
heritage/dioscuri/images/IMG_0369.png,heritage,dioscuri,0.9999507170277239;-0.009551623726237411;-0.0027073972618353323;0.009926119242255808;0.9566879997165801;0.2909459457615405;-0.00018887172772512318;-0.2909584810286188;0.9567356618444769,0.6641853902461061;-0.5594585751883552;2.7086384760114184
heritage/dioscuri/images/IMG_0364.png,heritage,dioscuri,0.9997304306947873;-0.004113116917271089;0.02285056261976771;-0.0010016670952722518;0.9756261329558409;0.2194371102540818;-0.023196176535052408;-0.2194008454014174;0.9753590141231576,0.7172787019297264;-0.7723783136619176;2.6280476707119806
heritage/dioscuri/images/IMG_0363.png,heritage,dioscuri,0.9857383876687805;0.04005939474283482;-0.16344747158947012;-0.0032300809914509176;0.9755791000673291;0.21962464818095667;0.16825396771827275;-0.21596449801913753;0.9617951642332168,0.1987809386716445;-0.7734127169976126;2.7227633411367806
heritage/dioscuri/images/IMG_0359.png,heritage,dioscuri,0.9852625176190594;-0.0519610626563531;0.16296569989594556;0.0047725380793903;0.9607226691631083;0.2774692340357637;-0.17098243844100952;-0.27260227607952064;0.9468120219035198,1.1125178759403909;-0.603335181457259;2.544782718613964
heritage/dioscuri/images/IMG_0354.png,heritage,dioscuri,0.9994891176686919;-0.013984300036386595;0.02873922431716375;0.006860518120852097;0.9721094592200286;0.23442724369419438;-0.031215972721883877;-0.23411031298820661;0.9717087652170225,0.7449447307860101;-0.7270255151256745;2.6366288884908697
heritage/dioscuri/images/IMG_0349.png,heritage,dioscuri,0.0031426616279969233;-0.9999805320848414;-0.005390652020858144;0.9461462970335848;0.001228287805073336;0.3237370474917938;-0.3237241237342808;-0.006117741444845087;0.9461317376306991,0.7272108658214556;1.3296511499252204;2.0087616382666775
heritage/dioscuri/images/IMG_0348.png,heritage,dioscuri,0.014751676545052383;-0.9977611833644554;0.06523043009418303;0.9441956677086186;0.0353693556086867;0.3274806097528561;-0.3290545989944318;0.056759401467846776;0.9426035440340894,0.9032361412198889;1.3153642285337925;1.9464538348088856
heritage/dioscuri/images/IMG_0342.png,heritage,dioscuri,0.9999952150718346;0.0017679677567733066;-0.0025385278108093962;-0.0017371777977057336;0.9999255195351441;0.012080463388105638;0.0025596966098350485;-0.012075995709804326;0.9999238062376965,0.6011241660925197;-0.6951277015908699;2.3427016852761953
heritage/dioscuri/images/IMG_0339.png,heritage,dioscuri,0.9720261815971633;0.02419667154402595;0.23362282289157696;-0.01738291630973166;0.9993625858823267;-0.031181022420024036;-0.23422838536395943;0.026247724182863957;0.971827207102689,1.1203877700230183;-0.8069192281994121;2.112784303001492
heritage/dioscuri/images/IMG_0338.png,heritage,dioscuri,0.9741624574834936;-0.06294810900746554;0.21689869064174824;0.03423421354857786;0.9904323645043566;0.1336852645769898;-0.2232387176374899;-0.12280580977581487;0.966997005182992,1.1424301014510962;-0.3786286216114311;2.211241376590389
heritage/dioscuri/images/IMG_0334.png,heritage,dioscuri,0.9890623783333959;0.06008044225981338;-0.13470691230724458;-0.08853622249744966;0.9722781285110607;-0.2164176012363861;0.11797011940050132;0.22597694855204714;0.9669630135903529,0.2578094015604544;-0.538949082964757;2.2957512236017457
heritage/dioscuri/images/IMG_0333.png,heritage,dioscuri,0.9837586381057162;0.12509053972933426;-0.12872955691141932;-0.1641331835819615;0.9172036066571894;-0.36303972507467286;0.07265837872975577;0.3782722575147004;0.9228384794724891,0.27108512384665506;-0.922736908048241;2.1731233746015217
heritage/dioscuri/images/IMG_0324.png,heritage,dioscuri,0.9959383283048956;0.08993161940224333;-0.004376076432158191;-0.08829948975103423;0.9660486917794353;-0.24280264665144943;-0.017608132296102284;0.2422028673301199;0.9700658352576444,0.5620425944516377;-0.5948952539099875;2.221756052477376
heritage/dioscuri/images/IMG_0322.png,heritage,dioscuri,0.9939292217030625;0.10549332026126386;0.031238783987198915;-0.09292323968761994;0.956937002281842;-0.27502153586546474;-0.058906483265440276;0.27044913208235;0.9609304309809332,0.6445575989466383;-0.6740186481157182;2.1795680168271914
heritage/dioscuri/images/IMG_0315.png,heritage,dioscuri,0.23198272998458302;-0.7269633194038357;0.6463036014368609;0.8980674611310467;0.41533419846290365;0.1448182959601904;-0.37370957740809374;0.5468288908136933;0.749212463807784,0.989296802944711;1.0635187498527843;1.8090478239545742
heritage/dioscuri/images/IMG_0314.png,heritage,dioscuri,0.18957320184425797;-0.7830870863050681;0.5923146261951964;0.9286113595628993;0.33896794825083276;0.15093598957625828;-0.3189716978561889;0.521416671502609;0.7914428031423879,0.8131719214230959;1.031001136850063;1.9010538489980744
heritage/dioscuri/images/IMG_0312.png,heritage,dioscuri,0.9816176423631249;0.13156713623997726;-0.138263852337014;-0.18757669480701092;0.7987951034244211;-0.5716129514894198;0.03523900916225996;0.5870404342179333;0.8087902947158073,0.2920243908237053;-0.7379840543163806;2.1695932498968475
heritage/dioscuri/images/IMG_0306.png,heritage,dioscuri,0.9904689203826893;0.12427568022891035;-0.059387482347642497;-0.13770867345917706;0.902144255714076;-0.4088668036613019;0.002763875913218139;0.41314803301690484;0.9106596860541257,0.45839616931186145;-0.2817515699652991;2.2514277906766513
heritage/dioscuri/images/IMG_0299.png,heritage,dioscuri,0.9744991188119564;0.21268309095282484;-0.07153579703528062;-0.20221915722319295;0.6942101062110386;-0.6907819778239731;-0.09725677296035484;0.687632337268406;0.7195157321811156,0.6559923839492803;-0.8028754715589351;2.60627311297158
heritage/dioscuri/images/IMG_0293.png,heritage,dioscuri,0.9796741241481004;0.16450861043733386;-0.11478470092582;-0.19871863747644922;0.7178171878057021;-0.6672701012410318;-0.02737724591985055;0.6765171113746429;0.7359178516812547,0.4894179672644613;-0.7079316751883487;2.6679659338396307
heritage/dioscuri/images/IMG_0286.png,heritage,dioscuri,0.9764244970433493;0.21358833331990054;-0.031228599764789297;-0.18762013326940843;0.7682188324331981;-0.6120772100698925;-0.1067421527120929;0.6035062960438781;0.7901811586400851,0.7548383280520888;-0.49566905732462024;2.658571231882243
heritage/dioscuri/images/IMG_0283.png,heritage,dioscuri,0.24515451805853117;-0.5973127957928532;0.7636207738515333;0.9561420436940937;0.279188944199251;-0.0885772302422535;-0.16028616458063694;0.7518450355086697;0.6395603083564491,0.48353736095763156;0.7645113310375068;2.7171721625836245
heritage/dioscuri/images/IMG_0282.png,heritage,dioscuri,0.2081957919010461;-0.704567246468473;0.6784095425615195;0.9716701808077347;0.22831218955146992;-0.061078669200284874;-0.11185513829842825;0.6719066447848596;0.7321406208715591,0.08389835083311593;0.7165398455483662;3.0598914201350844
heritage/dioscuri/images/IMG_0279.png,heritage,dioscuri,0.974542540875438;0.13473998180423455;-0.1791981398548536;-0.22337773889242704;0.6520206343322572;-0.7245491551111407;0.019215144843373624;0.746132849905669;0.6655197581592095,0.2994564659417558;-0.20628448745258898;2.7969823982403312
heritage/dioscuri/images/IMG_0278.png,heritage,dioscuri,0.9669655408521369;0.24691032322079273;-0.06334773154216276;-0.21802994491492408;0.6723788504921628;-0.7073680969136457;-0.13206281052941976;0.6978122768322733;0.704001022994448,0.7533757819803752;-0.12036121806444172;2.736029505884222
heritage/dioscuri/images/IMG_0277.png,heritage,dioscuri,0.9576918020020675;0.26574502907418485;-0.11048073090088362;-0.2453645024687493;0.5533076947477047;-0.7960193815864309;-0.1504083551744913;0.7894492855499595;0.5951026400868699,0.6964616439455283;-0.5452340486304244;2.688018997733417
heritage/dioscuri/images/IMG_0276.png,heritage,dioscuri,0.9690904458367353;0.13412340553223817;-0.20706187451192565;-0.24655011305545277;0.5563253319884126;-0.7935459449460541;0.008760681497527303;0.8200689221500942;0.5721977048042761,0.24319468767039798;-0.5332322736271534;2.7768047831150655
heritage/dioscuri/images/IMG_0266.png,heritage,dioscuri,0.9257445142654424;0.277288571999752;-0.2571150367943861;-0.3424643927609281;0.32643434105071933;-0.8809987290987835;-0.1603597019151911;0.9036324854835185;0.39715626292499784,0.5383568034418942;-0.3353347494356831;2.8126504543768647
heritage/dioscuri/images/IMG_0259.png,heritage,dioscuri,0.9515436201277874;0.2933258845328857;0.09232910947856691;0.06528085807693573;0.10072091894416757;-0.992770721796217;-0.3005048228612046;0.950691970067089;0.07669178239624763,0.7776328977507226;-0.1552722332769932;2.7324210480805298
heritage/dioscuri/images/IMG_0258.png,heritage,dioscuri,0.22808839356442445;-0.07083036484855942;0.9710606284556184;0.9360241880949384;0.2904980776051158;-0.1986695402142557;-0.2680194097867016;0.9542504526187829;0.13255817460434538,0.21631882357789886;0.6402528836186856;2.776959294296301
heritage/dioscuri/images/IMG_0257.png,heritage,dioscuri,0.23637532469147626;-0.0521971535107254;0.9702588124012979;0.9542606466715094;0.20060402273686062;-0.22168591357111955;-0.1830664472017522;0.9782808815606931;0.0972275304723984,0.2681212787831783;0.37345476692466567;2.8037296019071585
heritage/dioscuri/images/IMG_0249.png,heritage,dioscuri,0.9644403297067958;0.20214582235942502;-0.17027012931714963;-0.20007391525762924;0.13743184829136634;-0.9700942817627067;-0.1726999677722323;0.969664660373807;0.1729889232107631,0.4029649600708087;-0.026021932027683135;2.808856537296265
heritage/dioscuri/images/IMG_0246.png,heritage,dioscuri,0.274709240265687;-0.011466293031953456;0.9614589733507897;0.9109989438927882;0.3229853461656089;-0.2564398377563561;-0.3075967450069548;0.9463345023227183;0.09917283990457915,0.05545041309257485;0.7368988476202293;2.882920471231625
heritage/dioscuri/images/IMG_0240.png,heritage,dioscuri,0.9618802494032308;0.1355379191053937;-0.23752022712299325;-0.22827920304105548;-0.08029894414021754;-0.9702786635956223;-0.150582174466034;0.987512811083758;-0.04629748026118641,0.23734665289854984;-0.16597446395057494;3.457955161772117
heritage/dioscuri/images/IMG_0238.png,heritage,dioscuri,0.9371622327394076;0.2837919337014517;-0.20295094947518538;-0.2208435801892867;0.03218604426858884;-0.9747780114690312;-0.2701019485602918;0.9583455519385122;0.09283717177726936,0.7596466466530304;0.2266875850842283;3.433530350151872
heritage/dioscuri/images/IMG_0237.png,heritage,dioscuri,0.9593689431393722;0.1864477976348909;-0.2117745256085891;-0.22170230501063898;0.0338674274107198;-0.9745260824182951;-0.1745259834311607;0.9818809582213512;0.07382726454168409,0.42146241702966586;0.23565602861046045;3.5199177986543746
heritage/dioscuri/images/IMG_0095.png,heritage,dioscuri,-0.10962494950395296;0.9137020447676778;-0.39131949074077654;0.9021086253085353;-0.07384599241885192;-0.42514326708489664;-0.4173516486012733;-0.3996189970347253;-0.8161631323569818,-0.5430594494359774;1.0064139945780677;6.183345924430204
heritage/dioscuri/images/IMG_0094.png,heritage,dioscuri,-0.10823674623830981;0.9151628098966189;-0.38828061778289835;0.930259182897978;-0.04449654756028654;-0.36419487899914493;-0.3505747557907306;-0.4006208789333634;-0.8465224462262828,-0.5713282601508456;0.5536101168526676;6.2733606569825575
heritage/dioscuri/images/IMG_0092.png,heritage,dioscuri,0.9183937224768411;-0.08130675464046463;-0.3872236849225084;0.023660557454765502;-0.9656218598410438;0.2588717864465975;-0.3949596796333273;-0.24690815184387557;-0.8848972912247957,0.8565283848502815;0.5595073426097549;6.987790002185549
heritage/dioscuri/images/archive_0171.png,heritage,dioscuri,0.3441503606847707;-0.10700155314045173;0.9327975111813246;0.9140208685745701;0.2654337202815761;-0.3067748228712234;-0.21477053115064615;0.9581730573142898;0.18915076311306867,0.04356216543132226;0.31206107262730653;1.5635689662891283
heritage/dioscuri/images/IMG_0085.png,heritage,dioscuri,0.9248887898759165;-0.10247917671289691;-0.3661676456243911;-0.07169398024703819;-0.9927238045825328;0.09674410065486679;-0.37341759406621444;-0.06322551822981402;-0.9255062583723417,0.7672816440842718;0.5882091155197721;7.258533576043032
heritage/dioscuri/images/IMG_0081.png,heritage,dioscuri,0.039613448333742585;0.994860833934559;-0.09318098418746124;0.895184451303976;-0.07676557942775686;-0.43903512838806;-0.44393194619751064;-0.06602247282671847;-0.8936248990639954,-0.5190298586013099;1.2944513740903612;7.168432068078056
heritage/dioscuri/images/archive_0160.png,heritage,dioscuri,1.0;0.0;0.0;0.0;1.0;0.0;0.0;0.0;1.0,0.0;0.0;0.0
heritage/dioscuri/images/IMG_0079.png,heritage,dioscuri,0.04348424574665577;0.9953956698392409;-0.08542002597245113;0.9557184063053236;-0.06635450852013292;-0.2867043896564278;-0.2910523118290895;-0.06917036695248513;-0.9542033389768672,-0.590872536699156;0.09518714399013212;7.334540539812087
heritage/dioscuri/images/archive_0156.png,heritage,dioscuri,1.0;0.0;0.0;0.0;1.0;0.0;0.0;0.0;1.0,0.0;0.0;0.0
heritage/dioscuri/images/IMG_0068.png,heritage,dioscuri,0.9573741521739433;0.0722675599619533;-0.27966432115371587;0.026585697276092054;-0.9861329218073347;-0.1638141057054438;-0.2876246398512604;0.1493963195827655;-0.946019453418141,0.046267469344728314;0.6119930562115938;7.456410022260031
heritage/dioscuri/images/IMG_0055.png,heritage,dioscuri,0.004600220787163822;0.9583915420885076;0.2854198486824666;0.9034775578812411;0.11835324514333811;-0.41197185798181635;-0.42861070958815106;0.25976558936328276;-0.8653407988816251,-0.6701492591790372;1.1100784681267957;7.112086593236482
heritage/dioscuri/images/IMG_0054.png,heritage,dioscuri,0.005922828759476806;0.9582034265010693;0.2860264210542383;0.9316889003910884;0.09860321333367994;-0.3496186482559501;-0.36320891094180346;0.26855837309956154;-0.8921634868400448,-0.6774166797584326;0.6030999572239186;7.179428778493339
heritage/dioscuri/images/IMG_0053.png,heritage,dioscuri,0.008143123505332195;0.9582139400151017;0.2859365920974654;0.9559165396099125;0.07647589401449906;-0.2835048622773408;-0.2935255676083223;0.27564013277354676;-0.9153498010950756,-0.6825281111072309;0.07151332618071983;7.258660178105016
heritage/dioscuri/images/archive_0132.png,heritage,dioscuri,-0.1214525420984287;-0.901955911626704;-0.41439692747349255;0.3650613590355643;-0.4288156235024905;0.8263457903198136;-0.9230273474588585;-0.050918508636958904;0.3813499984545059,0.6536558839995933;0.9930254306340617;-1.1348213161958824
heritage/dioscuri/images/3DOM_FBK_IMG_1583.png,heritage,dioscuri,1.0;0.0;0.0;0.0;1.0;0.0;0.0;0.0;1.0,0.0;0.0;0.0
heritage/dioscuri/images/3DOM_FBK_IMG_1580.png,heritage,dioscuri,1.0;0.0;0.0;0.0;1.0;0.0;0.0;0.0;1.0,0.0;0.0;0.0
heritage/dioscuri/images/3DOM_FBK_IMG_1577.png,heritage,dioscuri,1.0;0.0;0.0;0.0;1.0;0.0;0.0;0.0;1.0,0.0;0.0;0.0
heritage/dioscuri/images/3DOM_FBK_IMG_1573.png,heritage,dioscuri,-0.24778330544071192;0.43642106790479385;-0.8649509148117682;0.5843418815106088;-0.6447924255089736;-0.4927345061175408;-0.7727535176610436;-0.6275184296059316;-0.0952503094346091,-0.41864028163899725;1.3622749650749113;1.2117773399004443
heritage/dioscuri/images/archive_0116.png,heritage,dioscuri,0.7451949302694499;0.24041084037316013;-0.6220025271104457;0.0202178287045882;0.9241778204502197;0.3814270514664022;0.6665401378035547;-0.29681304556732746;0.683832041277583,0.6744245368761809;-0.6252791005432509;1.3312428463251187
heritage/dioscuri/images/3DOM_FBK_IMG_1570.png,heritage,dioscuri,-0.7784267187293776;0.08383055977130507;-0.6221127557096416;0.4040803267445471;-0.6914972311621241;-0.5987910059721473;-0.4803862332605241;-0.7174984435826643;0.5044056406804148,-0.972135883340615;1.15728359365167;1.7987371467071809
heritage/dioscuri/images/3DOM_FBK_IMG_1566.png,heritage,dioscuri,0.015415319533718108;-0.9911419615717694;-0.13190898352780434;0.8776134295259801;-0.049803359459065;0.47677488786872835;-0.479121108112887;-0.12311473266127146;0.8690717613421937,0.6153615825961116;1.3780754854188653;1.4641503409473058
heritage/dioscuri/images/archive_0069.png,heritage,dioscuri,-0.24130716022636411;-0.4081975096520841;-0.8804235614392224;0.783948681732726;0.45275479822675235;-0.4247794216910393;0.5720098939992286;-0.7927092063275721;0.21075292493937503,0.08498718882842483;-0.007713397773912035;1.393661438639131
heritage/dioscuri/images/archive_0070.png,heritage,dioscuri,-0.21218653829053213;0.8906857338207457;-0.40206441839148127;0.9710402981140012;0.14593948440017757;-0.18916238085751086;-0.10980716008964136;-0.430558463464847;-0.8958581344899637,-0.9968820282856109;0.5298705939435241;0.41970223298550946
heritage/dioscuri/images/archive_0064.png,heritage,dioscuri,-0.0946805305541698;-0.7539284472111347;-0.6500980646177837;0.8162972038404506;0.3149931905927785;-0.48418815029123075;0.5698196838792452;-0.5765164233272012;0.5856059609479469,0.5355675443063503;0.1992486307535945;1.1649968219392175
heritage/dioscuri/images/archive_0066.png,heritage,dioscuri,1.0;0.0;0.0;0.0;1.0;0.0;0.0;0.0;1.0,0.0;0.0;0.0
